864

2.118910812348199890e+00 2.118910812348200778e+00 1.839529830755494769e-02
3.913798323387630840e-02 3.913798323387716882e-02 3.913798323387491368e-02
1.404375356595389569e-02 4.178104518250927768e+00 1.404375356595333538e-02
2.104649362103272470e+00 6.252418443032777162e+00 3.404880541655724065e-03
9.476028911237810090e-03 8.325283402839522395e+00 9.476028911237596719e-03
2.100547033620729920e+00 1.040272470479631117e+01 3.715075279605196284e-04
8.802270911495400918e-03 1.247986360245705129e+01 8.802270911494753866e-03
2.101893094092211811e+00 1.455551430033119864e+01 1.309220040308393821e-03
1.112408998859776982e-02 1.663221636280652405e+01 1.112408998859768308e-02
2.111290235330691711e+00 1.869816279014982641e+01 8.153616402892940179e-03
2.450420934112858967e-02 2.076326382317337860e+01 2.450420934112708740e-02
2.118936176826615725e+00 2.285769579065886958e+01 2.450420934112735802e-02
4.178104518250927768e+00 1.404375356595442825e-02 1.404375356595324344e-02
6.252418443032777162e+00 2.104649362103272470e+00 3.404880541655589624e-03
4.184314356481509733e+00 4.184314356481509733e+00 -1.695634727948975955e-03
6.254540497880364036e+00 6.254540497880363148e+00 -1.176515546640342393e-02
4.175207525095541605e+00 8.327790500770163362e+00 -9.328831078282815228e-03
6.249495679329696074e+00 1.040334424100097266e+01 -1.636060332014844035e-02
4.173482255165088972e+00 1.247901946321779043e+01 -1.043091255273448890e-02
6.251531785240859840e+00 1.455362468602542769e+01 -1.485318483988070509e-02
4.179429494251504451e+00 1.662721282061772499e+01 -6.469194122773663791e-03
6.254987179382268891e+00 1.870277050574848587e+01 -6.469194122773256131e-03
4.184037209850165695e+00 2.077090976466929462e+01 8.153616402891894141e-03
6.249983637193469832e+00 2.287107591001139184e+01 1.112408998859494916e-02
8.325283402839522395e+00 9.476028911237858662e-03 9.476028911237449268e-03
1.040272470479631117e+01 2.100547033620729920e+00 3.715075279604651472e-04
8.327790500770163362e+00 4.175207525095541605e+00 -9.328831078282820433e-03
1.040334424100097443e+01 6.249495679329696074e+00 -1.636060332014849239e-02
8.327978947156555733e+00 8.327978947156553957e+00 -1.837315262932659801e-02
1.040319279991900636e+01 1.040319279991900636e+01 -2.175206031284511107e-02
8.326661166721645913e+00 1.247877112917676889e+01 -2.001701475611276579e-02
1.040342887082323031e+01 1.455553883327835152e+01 -2.001701475611247089e-02
8.328575313974567962e+00 1.663066821475913315e+01 -1.485318483988080397e-02
1.040318053678220522e+01 1.870871774483490668e+01 -1.043091255273447676e-02
8.326685699668800567e+00 2.078030690590778562e+01 1.309220040309577119e-03
1.040233639754294970e+01 2.287339772908849866e+01 8.802270911494292430e-03
1.247986360245705129e+01 8.802270911495244793e-03 8.802270911494982850e-03
1.455551430033119864e+01 2.101893094092211811e+00 1.309220040308428949e-03
1.247901946321779043e+01 4.173482255165088972e+00 -1.043091255273448717e-02
1.455362468602542769e+01 6.251531785240859840e+00 -1.485318483988084561e-02
1.247877112917676889e+01 8.326661166721645913e+00 -2.001701475611265477e-02
1.455553883327835152e+01 1.040342887082323031e+01 -2.001701475611243272e-02
1.247900720008099285e+01 1.247900720008099285e+01 -2.175206031284449698e-02
1.455422105284344347e+01 1.455422105284344525e+01 -1.837315262932677495e-02
1.247885575899902655e+01 1.663270432067030669e+01 -1.636060332014781585e-02
1.455440949922983762e+01 1.870699247490446382e+01 -9.328831078281975622e-03
1.247947529520368448e+01 2.078165296637925863e+01 3.715075279604998417e-04
1.455691659716047326e+01 2.287272397108876021e+01 9.476028911236661703e-03
1.663221636280652405e+01 1.112408998859796758e-02 1.112408998859774727e-02
1.869816279014982641e+01 2.111290235330692155e+00 8.153616402893118856e-03
1.662721282061772499e+01 4.179429494251504451e+00 -6.469194122773880631e-03
1.870277050574848587e+01 6.254987179382268891e+00 -6.469194122773486849e-03
1.663066821475913315e+01 8.328575313974567962e+00 -1.485318483988085775e-02
1.870871774483490668e+01 1.040318053678220700e+01 -1.043091255273482024e-02
1.663270432067030313e+01 1.247885575899902832e+01 -1.636060332014805871e-02
1.870699247490446027e+01 1.455440949922983940e+01 -9.328831078282398895e-03
1.662765950211963428e+01 1.662765950211963784e+01 -1.176515546640276647e-02
1.869788564351848237e+01 1.869788564351848592e+01 -1.695634727945853452e-03
1.662978155696722027e+01 2.077755063789672718e+01 3.404880541656577116e-03
1.870409548174907854e+01 2.286815624643403666e+01 1.404375356594689435e-02
2.076326382317337860e+01 2.450420934112872498e-02 2.450420934112829130e-02
2.285769579065887314e+01 2.118936176826615725e+00 2.450420934112805191e-02
2.077090976466929817e+01 4.184037209850165695e+00 8.153616402892124859e-03
2.287107591001139184e+01 6.249983637193471608e+00 1.112408998859426394e-02
2.078030690590778562e+01 8.326685699668802343e+00 1.309220040309216513e-03
2.287339772908849866e+01 1.040233639754295147e+01 8.802270911495308978e-03
2.078165296637925863e+01 1.247947529520368803e+01 3.715075279596248906e-04
2.287272397108876021e+01 1.455691659716047681e+01 9.476028911236994770e-03
2.077755063789672363e+01 1.662978155696722382e+01 3.404880541656301728e-03
2.286815624643403666e+01 1.870409548174907854e+01 1.404375356594757263e-02
2.076328918765178599e+01 2.076328918765178599e+01 1.839529830755464584e-02
2.284306201676611536e+01 2.284306201676611536e+01 3.913798323386804418e-02
2.102858338516640391e+00 1.662614960117387852e+01 2.102858338516640391e+00
8.153616402892999160e-03 1.869816279014982641e+01 2.111290235330690823e+00
1.455551430033119864e+01 1.309220040308554716e-03 2.101893094092211811e+00
1.247888332610955153e+01 2.098213056300878954e+00 2.098213056300878510e+00
6.251940398166274448e+00 1.247822523780852322e+01 2.086056675727462562e+00
4.177719836576886614e+00 1.455249500145249186e+01 2.093698397157051971e+00
1.455249500145249186e+01 4.177719836576886614e+00 2.093698397157051527e+00
1.247822523780852499e+01 6.251940398166274448e+00 2.086056675727463006e+00
2.099519727748268227e+00 8.328243269028943629e+00 2.099519727748268227e+00
3.715075279606167729e-04 1.040272470479631117e+01 2.100547033620729920e+00
1.455341009458457968e+01 8.328789905415417749e+00 2.084109749508934240e+00
1.247874294288972408e+01 1.040345705711027335e+01 2.080478466628027601e+00
6.255543251326908027e+00 1.662665674867308496e+01 2.091469277474546917e+00
4.184241275422281525e+00 1.869795872457771324e+01 2.102484170310677136e+00
1.455423669774087081e+01 1.247843178981413637e+01 2.082296990862833042e+00
1.247843178981413637e+01 1.455423669774087259e+01 2.082296990862832597e+00
2.113005203336831173e+00 2.076919479666316093e+01 2.113005203336831173e+00
2.450420934112709434e-02 2.285769579065887314e+01 2.118936176826613949e+00
1.455240452684621211e+01 1.662867548395774264e+01 2.087836421565019585e+00
1.247855418620393131e+01 1.870632694787867933e+01 2.092011416069793128e+00
6.256050398826115355e+00 2.077934166148335038e+01 2.102858338516638170e+00
4.184037209850166583e+00 2.287404638359710063e+01 2.111290235330690823e+00
1.455395673097105558e+01 2.078268027225173498e+01 2.099519727748269560e+00
1.247947529520368626e+01 2.288182849247203166e+01 2.100547033620728588e+00
2.108394632675984592e+00 4.186652209159404059e+00 2.108394632675984148e+00
3.404880541655930497e-03 6.252418443032777162e+00 2.104649362103272026e+00
1.869816279014982641e+01 8.153616402893347839e-03 2.111290235330691267e+00
1.662614960117388208e+01 2.102858338516640391e+00 2.102858338516640391e+00
1.040272470479631117e+01 3.715075279606251213e-04 2.100547033620729476e+00
8.328243269028943629e+00 2.099519727748268227e+00 2.099519727748268227e+00
1.869795872457771324e+01 4.184241275422282413e+00 2.102484170310676692e+00
1.662665674867308496e+01 6.255543251326908027e+00 2.091469277474546473e+00
6.252418443032777162e+00 3.404880541656174660e-03 2.104649362103272026e+00
4.186652209159403171e+00 2.108394632675985036e+00 2.108394632675984148e+00
1.870448016342310638e+01 8.329704998547507344e+00 2.093698397157050639e+00
1.663025960183372121e+01 1.040397476219147599e+01 2.086056675727463450e+00
1.040364581379606612e+01 4.175873052121318096e+00 2.092011416069791352e+00
8.329795473153785323e+00 6.253524516042255676e+00 2.087836421565019140e+00
1.870632694787867933e+01 1.247855418620393309e+01 2.092011416069792240e+00
1.662867548395774264e+01 1.455240452684621388e+01 2.087836421565019140e+00
2.098213056300878954e+00 1.247888332610955153e+01 2.098213056300878954e+00
1.309220040308480557e-03 1.455551430033119686e+01 2.101893094092211811e+00
1.870111901605887894e+01 1.662513552495430957e+01 2.097104861900799033e+00
1.662513552495430602e+01 1.870111901605888249e+01 2.097104861900799033e+00
1.040376821018586284e+01 8.327963302259126621e+00 2.082296990862831709e+00
8.327963302259126621e+00 1.040376821018586284e+01 2.082296990862831709e+00
1.869554779084059248e+01 2.077380536732401595e+01 2.108394632675987257e+00
1.662978155696722027e+01 2.287879511945834565e+01 2.104649362103270693e+00
6.257064475045689633e+00 4.181080983941114049e+00 2.097104861900797701e+00
4.181080983941114049e+00 6.257064475045689633e+00 2.097104861900797701e+00
2.285769579065887314e+01 2.450420934112822191e-02 2.118936176826615281e+00
2.076919479666316093e+01 2.113005203336832061e+00 2.113005203336831617e+00
1.040345705711027335e+01 1.247874294288972585e+01 2.080478466628027601e+00
8.328789905415417749e+00 1.455341009458457968e+01 2.084109749508934240e+00
2.287404638359710063e+01 4.184037209850168360e+00 2.111290235330691267e+00
2.077934166148335038e+01 6.256050398826117132e+00 2.102858338516637726e+00
1.839529830755569709e-02 2.118910812348200334e+00 2.118910812348199002e+00
2.118910812348199890e+00 1.839529830755615852e-02 2.118910812348198558e+00
2.288089077995969944e+01 8.326685699668798790e+00 2.101893094092209147e+00
2.078398694369911581e+01 1.040331667389044590e+01 2.098213056300878954e+00
1.040397476219147421e+01 1.663025960183372121e+01 2.086056675727463894e+00
8.329704998547505568e+00 1.870448016342310638e+01 2.093698397157051527e+00
2.288182849247202810e+01 1.247947529520368803e+01 2.100547033620728588e+00
2.078268027225173142e+01 1.455395673097105735e+01 2.099519727748268672e+00
6.253524516042256565e+00 8.329795473153785323e+00 2.087836421565019140e+00
4.175873052121318096e+00 1.040364581379606612e+01 2.092011416069791352e+00
2.287879511945834210e+01 1.662978155696722382e+01 2.104649362103270693e+00
2.077380536732401239e+01 1.869554779084059248e+01 2.108394632675987701e+00
1.040331667389044412e+01 2.078398694369911937e+01 2.098213056300878954e+00
8.326685699668798790e+00 2.288089077995969944e+01 2.101893094092209147e+00
2.286380470169243395e+01 2.076328918765178955e+01 2.118910812348195893e+00
2.076328918765178955e+01 2.286380470169243750e+01 2.118910812348194561e+00
4.178631430976325056e+00 1.662515507685698424e+01 4.178631430976325944e+00
6.257044923143014969e+00 1.870356856902367326e+01 4.178631430976324168e+00
-1.695634727948709241e-03 4.184314356481509733e+00 4.184314356481508845e+00
2.097104861900797701e+00 6.257064475045690521e+00 4.181080983941114049e+00
1.662721282061772499e+01 -6.469194122773682006e-03 4.179429494251503563e+00
1.869795872457771324e+01 2.102484170310677136e+00 4.184241275422281525e+00
8.330139405918973949e+00 1.662878327467151252e+01 4.171576243758607916e+00
1.040417492423987866e+01 1.870846936364735313e+01 4.173730636352642520e+00
4.182433954897254225e+00 4.182433954897254225e+00 4.182433954897254225e+00
6.255628127935827010e+00 6.255628127935827010e+00 4.174928563386979263e+00
1.662515507685698424e+01 4.178631430976325944e+00 4.178631430976325056e+00
1.870356856902367326e+01 6.257044923143014969e+00 4.178631430976323280e+00
4.184241275422278861e+00 2.077971582968931941e+01 4.184241275422279749e+00
6.254987179382264451e+00 2.288866919412276246e+01 4.179429494251502675e+00
8.329704998547505568e+00 2.078850160284294191e+01 4.177719836576883949e+00
1.040318053678220522e+01 2.289263091255273253e+01 4.173482255165087196e+00
1.662878327467151252e+01 8.330139405918973949e+00 4.171576243758607028e+00
1.870846936364735313e+01 1.040417492423988044e+01 4.173730636352641632e+00
-1.043091255273444033e-02 1.247901946321779043e+01 4.173482255165089860e+00
2.093698397157051971e+00 1.455249500145249186e+01 4.177719836576887502e+00
8.153616402891757098e-03 2.077090976466929817e+01 4.184037209850164807e+00
2.111290235330690379e+00 2.287404638359710063e+01 4.184037209850166583e+00
1.663016243436204888e+01 1.247805660546261741e+01 4.169824571928808510e+00
1.870670942919303315e+01 1.455172233419347627e+01 4.175490570806961621e+00
1.247901946321779043e+01 -1.043091255273451493e-02 4.173482255165088972e+00
1.455249500145249186e+01 2.093698397157051971e+00 4.177719836576886614e+00
8.327790500770163362e+00 -9.328831078282653899e-03 4.175207525095540717e+00
1.040364581379606612e+01 2.092011416069791352e+00 4.175873052121318096e+00
1.662657187206417575e+01 1.662657187206417575e+01 4.174928563386980152e+00
1.869976604510274498e+01 1.869976604510274854e+01 4.182433954897254225e+00
4.175490570806962509e+00 8.330477665806526488e+00 4.175490570806961621e+00
6.252037565637948546e+00 1.040414339453738179e+01 4.169824571928807622e+00
1.247802507576011877e+01 4.173730636352641632e+00 4.173730636352641632e+00
1.455206059408102348e+01 6.253416725328482251e+00 4.171576243758607028e+00
1.662513552495430957e+01 2.078509513809920861e+01 4.181080983941114937e+00
1.869788564351848947e+01 2.288389563472795274e+01 4.184314356481511510e+00
-9.328831078282766656e-03 8.327790500770163362e+00 4.175207525095540717e+00
2.092011416069791352e+00 1.040364581379606612e+01 4.175873052121318096e+00
8.330477665806526488e+00 4.175490570806961621e+00 4.175490570806962509e+00
1.040414339453738179e+01 6.252037565637948546e+00 4.169824571928808510e+00
2.077090976466929817e+01 8.153616402892293127e-03 4.184037209850164807e+00
2.287404638359710063e+01 2.111290235330691711e+00 4.184037209850167471e+00
1.247832295435501138e+01 8.328350953007598534e+00 4.166435698602145798e+00
1.455384904699239890e+01 1.040387704564498783e+01 4.166435698602146687e+00
2.108394632675984592e+00 2.108394632675985036e+00 4.186652209159403171e+00
1.404375356595382977e-02 1.404375356595426172e-02 4.178104518250925992e+00
2.077971582968931941e+01 4.184241275422279749e+00 4.184241275422279749e+00
2.288866919412276246e+01 6.254987179382265339e+00 4.179429494251502675e+00
4.173730636352641632e+00 1.247802507576011699e+01 4.173730636352641632e+00
6.253416725328482251e+00 1.455206059408102348e+01 4.171576243758607028e+00
1.247854445527063838e+01 1.247854445527063838e+01 4.164644386002324339e+00
1.455299054125714697e+01 1.455299054125714697e+01 4.168234174419521487e+00
2.078850160284294191e+01 8.329704998547507344e+00 4.177719836576883949e+00
2.289263091255273253e+01 1.040318053678220700e+01 4.173482255165086308e+00
8.329209458742854011e+00 8.329209458742854011e+00 4.168234174419519711e+00
1.040365554472936083e+01 1.040365554472936083e+01 4.164644386002323451e+00
4.184314356481509733e+00 -1.695634727948436889e-03 4.184314356481508845e+00
6.257064475045689633e+00 2.097104861900797701e+00 4.181080983941114049e+00
2.079018858393020963e+01 1.247855418620393486e+01 4.175873052121318096e+00
2.289152883107828629e+01 1.455440949922983762e+01 4.175207525095538941e+00
1.247805660546261741e+01 1.663016243436204888e+01 4.169824571928808510e+00
1.455172233419347450e+01 1.870670942919303670e+01 4.175490570806962509e+00
-6.469194122774019409e-03 1.662721282061772499e+01 4.179429494251503563e+00
2.102484170310676692e+00 1.869795872457771324e+01 4.184241275422281525e+00
2.078509513809920506e+01 1.662513552495430957e+01 4.181080983941114937e+00
2.288389563472794919e+01 1.869788564351848947e+01 4.184314356481512398e+00
8.328350953007598534e+00 1.247832295435501138e+01 4.166435698602144910e+00
1.040387704564498605e+01 1.455384904699239890e+01 4.166435698602145798e+00
1.247855418620393131e+01 2.079018858393020963e+01 4.175873052121318096e+00
1.455440949922983584e+01 2.289152883107828984e+01 4.175207525095539829e+00
2.077380536732401595e+01 2.077380536732401595e+01 4.186652209159405835e+00
2.286815624643403666e+01 2.286815624643403666e+01 4.178104518250919774e+00
6.251635747068790216e+00 8.329684313031012977e+00 6.251635747068790216e+00
4.169824571928807622e+00 1.040414339453738179e+01 6.252037565637948546e+00
6.255543251326907139e+00 2.079073072252544918e+01 6.255543251326907139e+00
4.179429494251501787e+00 2.288866919412276246e+01 6.254987179382265339e+00
1.455361065381779895e+01 8.328589346182200259e+00 6.249374833290322506e+00
1.247866268269089396e+01 1.040353731730910525e+01 6.246551287905880656e+00
1.871237542807119070e+01 1.247805660546261741e+01 6.252037565637947658e+00
1.663056425293120455e+01 1.455251568696898623e+01 6.251635747068790216e+00
1.040353731730910525e+01 1.247866268269089396e+01 6.246551287905879768e+00
8.328589346182200259e+00 1.455361065381779717e+01 6.249374833290322506e+00
6.254540497880363148e+00 -1.176515546640318800e-02 6.254540497880363148e+00
4.181080983941114049e+00 2.097104861900797701e+00 6.257064475045689633e+00
2.097104861900797257e+00 4.181080983941114937e+00 6.257064475045689633e+00
-1.176515546640352454e-02 6.254540497880364036e+00 6.254540497880363148e+00
1.870727143661301994e+01 1.662657187206417575e+01 6.255628127935826122e+00
1.662657187206417220e+01 1.870727143661302350e+01 6.255628127935826122e+00
1.455438839005686624e+01 1.247839307822720301e+01 6.247977687708620387e+00
1.247839307822720301e+01 1.455438839005686624e+01 6.247977687708620387e+00
3.404880541655562302e-03 2.104649362103272914e+00 6.252418443032776274e+00
2.104649362103271582e+00 3.404880541655916620e-03 6.252418443032776274e+00
1.040405842952955062e+01 1.663199853868724176e+01 6.250201461312757445e+00
8.330139405918975726e+00 1.871062375624138951e+01 6.253416725328483139e+00
1.870111901605888249e+01 2.078509513809920861e+01 6.257064475045689633e+00
1.662765950211963784e+01 2.289396515546641098e+01 6.254540497880364924e+00
1.040334424100097266e+01 -1.636060332014847157e-02 6.249495679329696074e+00
8.329795473153785323e+00 2.087836421565019140e+00 6.253524516042256565e+00
1.455251568696898623e+01 1.663056425293120455e+01 6.251635747068789328e+00
1.247805660546261564e+01 1.871237542807119070e+01 6.252037565637947658e+00
6.250201461312756557e+00 1.247814157047044681e+01 6.250201461312756557e+00
4.171576243758607028e+00 1.455206059408102348e+01 6.253416725328482251e+00
2.287107591001139184e+01 1.112408998859454150e-02 6.249983637193469832e+00
2.077934166148335038e+01 2.102858338516637726e+00 6.256050398826116243e+00
2.102858338516637282e+00 2.077934166148335038e+01 6.256050398826116243e+00
1.112408998859442007e-02 2.287107591001139184e+01 6.249983637193470720e+00
1.040397476219147421e+01 2.079614332427253842e+01 6.251940398166272672e+00
8.328575313974564409e+00 2.289705318483987284e+01 6.251531785240857175e+00
1.455240452684621211e+01 2.079436357843497518e+01 6.253524516042254788e+00
1.247885575899902655e+01 2.289856060332014920e+01 6.249495679329694298e+00
2.288866919412276246e+01 4.179429494251503563e+00 6.254987179382265339e+00
2.079073072252544918e+01 6.255543251326907139e+00 6.255543251326907139e+00
6.255628127935827010e+00 4.174928563386979263e+00 6.255628127935827010e+00
4.174928563386979263e+00 6.255628127935827010e+00 6.255628127935827010e+00
1.040414339453738357e+01 4.169824571928808510e+00 6.252037565637948546e+00
8.329684313031012977e+00 6.251635747068790216e+00 6.251635747068791105e+00
2.087836421565019140e+00 8.329795473153785323e+00 6.253524516042257453e+00
-1.636060332014836402e-02 1.040334424100097266e+01 6.249495679329696074e+00
2.289705318483987284e+01 8.328575313974564409e+00 6.251531785240857175e+00
2.079614332427253842e+01 1.040397476219147421e+01 6.251940398166271784e+00
1.870277050574848587e+01 -6.469194122773347204e-03 6.254987179382267115e+00
1.662665674867308496e+01 2.091469277474546473e+00 6.255543251326908027e+00
1.455362468602542947e+01 -1.485318483988115092e-02 6.251531785240858952e+00
1.247822523780852499e+01 2.086056675727463006e+00 6.251940398166273560e+00
6.253752427563709304e+00 1.662844757243628990e+01 6.253752427563710192e+00
4.178631430976323280e+00 1.870356856902367326e+01 6.257044923143014969e+00
2.289856060332014565e+01 1.247885575899902832e+01 6.249495679329693409e+00
2.079436357843497163e+01 1.455240452684621388e+01 6.253524516042254788e+00
2.091469277474546473e+00 1.662665674867308496e+01 6.255543251326908027e+00
-6.469194122773581392e-03 1.870277050574848587e+01 6.254987179382268003e+00
1.870356856902367326e+01 4.178631430976323280e+00 6.257044923143014969e+00
1.662844757243628990e+01 6.253752427563709304e+00 6.253752427563709304e+00
1.040380692177279620e+01 8.327811609943132964e+00 6.247977687708621275e+00
8.327811609943132964e+00 1.040380692177279620e+01 6.247977687708621275e+00
2.289396515546640742e+01 1.662765950211963784e+01 6.254540497880365812e+00
2.078509513809920506e+01 1.870111901605888249e+01 6.257064475045690521e+00
1.455206059408102348e+01 4.171576243758607916e+00 6.253416725328482251e+00
1.247814157047044858e+01 6.250201461312757445e+00 6.250201461312756557e+00
2.086056675727463006e+00 1.247822523780852322e+01 6.251940398166274448e+00
-1.485318483988086989e-02 1.455362468602542769e+01 6.251531785240859840e+00
1.871062375624138951e+01 8.330139405918975726e+00 6.253416725328482251e+00
1.663199853868724176e+01 1.040405842952955062e+01 6.250201461312757445e+00
2.287879511945834210e+01 2.077755063789672718e+01 6.252418443032777162e+00
2.077755063789672718e+01 2.287879511945834565e+01 6.252418443032778050e+00
1.663056425293120455e+01 1.663056425293120455e+01 8.329684313031012977e+00
1.870670942919303315e+01 1.870670942919303670e+01 8.330477665806524712e+00
4.175490570806961621e+00 4.175490570806961621e+00 8.330477665806524712e+00
6.251635747068790216e+00 6.251635747068790216e+00 8.329684313031014753e+00
1.247877112917677067e+01 -2.001701475611311967e-02 8.326661166721645913e+00
1.455341009458457968e+01 2.084109749508933351e+00 8.328789905415415973e+00
4.166435698602145798e+00 1.247832295435501315e+01 8.328350953007598534e+00
6.249374833290322506e+00 1.455361065381779895e+01 8.328589346182200259e+00
1.247843178981413459e+01 2.079990300913716794e+01 8.327963302259124845e+00
1.455422105284344347e+01 2.290057315262932391e+01 8.327978947156553957e+00
1.662867548395774264e+01 2.079436357843497873e+01 8.329795473153785323e+00
1.870699247490446382e+01 2.289152883107828984e+01 8.327790500770161586e+00
-1.837315262932657373e-02 8.327978947156553957e+00 8.327978947156555733e+00
2.082296990862831709e+00 1.040376821018586462e+01 8.327963302259128398e+00
2.099519727748268227e+00 2.099519727748268672e+00 8.328243269028941853e+00
9.476028911237685190e-03 9.476028911238137953e-03 8.325283402839522395e+00
8.326715140367021206e+00 1.247871151656111799e+01 8.326715140367021206e+00
1.040348848343888299e+01 1.455548485963297978e+01 8.326715140367021206e+00
1.247832295435501315e+01 4.166435698602145798e+00 8.328350953007598534e+00
1.455361065381779895e+01 6.249374833290322506e+00 8.328589346182202036e+00
2.078030690590778562e+01 1.309220040309279397e-03 8.326685699668798790e+00
2.288089077995969944e+01 2.101893094092209591e+00 8.326685699668797014e+00
1.663066821475913315e+01 -1.485318483988146317e-02 8.328575313974567962e+00
1.870448016342310638e+01 2.093698397157050639e+00 8.329704998547507344e+00
8.327978947156553957e+00 -1.837315262932648005e-02 8.327978947156553957e+00
1.040376821018586462e+01 2.082296990862831709e+00 8.327963302259126621e+00
4.175207525095540717e+00 -9.328831078282523795e-03 8.327790500770163362e+00
6.253524516042256565e+00 2.087836421565019140e+00 8.329795473153785323e+00
-2.001701475611293579e-02 1.247877112917676889e+01 8.326661166721645913e+00
2.084109749508933795e+00 1.455341009458457968e+01 8.328789905415417749e+00
2.078850160284294191e+01 4.177719836576883949e+00 8.329704998547507344e+00
2.289705318483987284e+01 6.251531785240857175e+00 8.328575313974564409e+00
4.171576243758607028e+00 1.662878327467151252e+01 8.330139405918973949e+00
6.253416725328483139e+00 1.871062375624138951e+01 8.330139405918975726e+00
1.662878327467151252e+01 4.171576243758607028e+00 8.330139405918973949e+00
1.871062375624138951e+01 6.253416725328482251e+00 8.330139405918973949e+00
1.247871151656111799e+01 8.326715140367021206e+00 8.326715140367021206e+00
1.455548485963297978e+01 1.040348848343888299e+01 8.326715140367022983e+00
8.328589346182200259e+00 1.663282516670967581e+01 8.328589346182200259e+00
1.040387704564498605e+01 1.871576430139785785e+01 8.328350953007598534e+00
2.079809025049106808e+01 8.328789905415415973e+00 8.328789905415415973e+00
2.290221701475611482e+01 1.040342887082322854e+01 8.326661166721644136e+00
4.168234174419519711e+00 8.329209458742854011e+00 8.329209458742854011e+00
6.247977687708620387e+00 1.040380692177279620e+01 8.327811609943132964e+00
8.329209458742854011e+00 4.168234174419519711e+00 8.329209458742854011e+00
1.040380692177279620e+01 6.247977687708621275e+00 8.327811609943132964e+00
1.663282516670967937e+01 8.328589346182200259e+00 8.328589346182200259e+00
1.871576430139785785e+01 1.040387704564498605e+01 8.328350953007598534e+00
1.309220040308842680e-03 2.078030690590778562e+01 8.326685699668800567e+00
2.101893094092208258e+00 2.288089077995969944e+01 8.326685699668798790e+00
2.079990300913716794e+01 1.247843178981413637e+01 8.327963302259124845e+00
2.290057315262932036e+01 1.455422105284344525e+01 8.327978947156553957e+00
1.247894486900177036e+01 1.247894486900177036e+01 8.325906216575313934e+00
1.455465427622436891e+01 1.455465427622436891e+01 8.327545723775630293e+00
-1.485318483988120643e-02 1.663066821475913315e+01 8.328575313974567962e+00
2.093698397157050195e+00 1.870448016342310638e+01 8.329704998547507344e+00
8.328789905415415973e+00 2.079809025049106808e+01 8.328789905415415973e+00
1.040342887082322676e+01 2.290221701475611482e+01 8.326661166721644136e+00
1.663422231229137793e+01 1.247839307822720301e+01 8.327811609943132964e+00
1.871396582558047683e+01 1.455299054125714520e+01 8.329209458742852235e+00
2.079436357843497163e+01 1.662867548395774264e+01 8.329795473153785323e+00
2.289152883107828629e+01 1.870699247490446382e+01 8.327790500770159809e+00
-9.328831078282620939e-03 4.175207525095541605e+00 8.327790500770163362e+00
2.087836421565019140e+00 6.253524516042257453e+00 8.329795473153785323e+00
4.177719836576883061e+00 2.078850160284294191e+01 8.329704998547507344e+00
6.251531785240855399e+00 2.289705318483987284e+01 8.328575313974564409e+00
1.247839307822720301e+01 1.663422231229137793e+01 8.327811609943132964e+00
1.455299054125714520e+01 1.871396582558047683e+01 8.329209458742852235e+00
8.327545723775628517e+00 8.327545723775628517e+00 8.327545723775628517e+00
1.040325513099822885e+01 1.040325513099822885e+01 8.325906216575313934e+00
2.078268027225173142e+01 2.078268027225173498e+01 8.328243269028943629e+00
2.287272397108876376e+01 2.287272397108876376e+01 8.325283402839529501e+00
1.455548485963297978e+01 8.326715140367021206e+00 1.040348848343888299e+01
1.247920158386874334e+01 1.040299841613125587e+01 1.040299841613125587e+01
3.715075279609188858e-04 2.100547033620729920e+00 1.040272470479631117e+01
2.100547033620729920e+00 3.715075279609533635e-04 1.040272470479631117e+01
1.040325513099822885e+01 8.325906216575312158e+00 1.040325513099822885e+01
8.325906216575312158e+00 1.040325513099822885e+01 1.040325513099822885e+01
1.040345705711027158e+01 2.080172153337197472e+01 1.040345705711027335e+01
8.326661166721642360e+00 2.290221701475611482e+01 1.040342887082322854e+01
6.247977687708620387e+00 8.327811609943132964e+00 1.040380692177279620e+01
4.164644386002323451e+00 1.040365554472936260e+01 1.040365554472936260e+01
2.287339772908849866e+01 8.802270911495069586e-03 1.040233639754294792e+01
2.078398694369911937e+01 2.098213056300878065e+00 1.040331667389044412e+01
1.870846936364735313e+01 4.173730636352640744e+00 1.040417492423988044e+01
1.663199853868724176e+01 6.250201461312757445e+00 1.040405842952955240e+01
2.080478466628027157e+00 1.247874294288972585e+01 1.040345705711027335e+01
-2.001701475611296355e-02 1.455553883327835152e+01 1.040342887082323031e+01
1.455629378342468883e+01 1.247894486900177036e+01 1.040325513099823063e+01
1.247894486900177036e+01 1.455629378342468883e+01 1.040325513099822885e+01
1.040319279991900636e+01 -2.175206031284534353e-02 1.040319279991900459e+01
8.327963302259128398e+00 2.082296990862831709e+00 1.040376821018586284e+01
6.250201461312757445e+00 1.663199853868724176e+01 1.040405842952955062e+01
4.173730636352641632e+00 1.870846936364735313e+01 1.040417492423988044e+01
2.289263091255273253e+01 4.173482255165087196e+00 1.040318053678220522e+01
2.079614332427253487e+01 6.251940398166271784e+00 1.040397476219147421e+01
2.082296990862831709e+00 8.327963302259128398e+00 1.040376821018586462e+01
-2.175206031284537822e-02 1.040319279991900636e+01 1.040319279991900636e+01
1.871576430139785785e+01 8.328350953007598534e+00 1.040387704564498605e+01
1.663564871209412743e+01 1.040353731730910347e+01 1.040353731730910347e+01
1.455553883327835152e+01 -2.001701475611314743e-02 1.040342887082323031e+01
1.247874294288972585e+01 2.080478466628027157e+00 1.040345705711027335e+01
1.040299841613125587e+01 1.247920158386874334e+01 1.040299841613125764e+01
8.326715140367021206e+00 1.455548485963297978e+01 1.040348848343888299e+01
1.455438839005686447e+01 1.663422231229137793e+01 1.040380692177279620e+01
1.247854445527063838e+01 1.871755561399767842e+01 1.040365554472936083e+01
2.290221701475611127e+01 8.326661166721642360e+00 1.040342887082322854e+01
2.080172153337197472e+01 1.040345705711027335e+01 1.040345705711027335e+01
6.252037565637948546e+00 4.169824571928807622e+00 1.040414339453738179e+01
4.169824571928807622e+00 6.252037565637948546e+00 1.040414339453738179e+01
2.086056675727463006e+00 1.663025960183372121e+01 1.040397476219147599e+01
-1.043091255273581944e-02 1.870871774483490668e+01 1.040318053678220522e+01
1.871755561399767842e+01 1.247854445527063838e+01 1.040365554472935905e+01
1.663422231229137438e+01 1.455438839005686447e+01 1.040380692177279620e+01
6.249495679329696074e+00 -1.636060332014825647e-02 1.040334424100097266e+01
4.175873052121318096e+00 2.092011416069791352e+00 1.040364581379606612e+01
1.040365554472936260e+01 4.164644386002323451e+00 1.040365554472936083e+01
8.327811609943132964e+00 6.247977687708620387e+00 1.040380692177279620e+01
2.290395206031285369e+01 1.247900720008099462e+01 1.040319279991900459e+01
2.079990300913716439e+01 1.455423669774087259e+01 1.040376821018586284e+01
1.455384904699240067e+01 4.166435698602145798e+00 1.040387704564498605e+01
1.247866268269089574e+01 6.246551287905879768e+00 1.040353731730910525e+01
1.455423669774087081e+01 2.079990300913716794e+01 1.040376821018586284e+01
1.247900720008099107e+01 2.290395206031285369e+01 1.040319279991900636e+01
6.246551287905879768e+00 1.247866268269089574e+01 1.040353731730910525e+01
4.166435698602145798e+00 1.455384904699240067e+01 1.040387704564498605e+01
1.871237542807119070e+01 1.663016243436204888e+01 1.040414339453738179e+01
1.663016243436204888e+01 1.871237542807119425e+01 1.040414339453738179e+01
1.040353731730910347e+01 1.663564871209412743e+01 1.040353731730910347e+01
8.328350953007598534e+00 1.871576430139785785e+01 1.040387704564498605e+01
2.289856060332014565e+01 1.663270432067030669e+01 1.040334424100097088e+01
2.079018858393020963e+01 1.870632694787867933e+01 1.040364581379606435e+01
6.251940398166271784e+00 2.079614332427253842e+01 1.040397476219147421e+01
4.173482255165085419e+00 2.289263091255273253e+01 1.040318053678220700e+01
2.098213056300878065e+00 2.078398694369911581e+01 1.040331667389044590e+01
8.802270911493959363e-03 2.287339772908849511e+01 1.040233639754295147e+01
2.092011416069791352e+00 4.175873052121318096e+00 1.040364581379606612e+01
-1.636060332014805177e-02 6.249495679329696074e+00 1.040334424100097443e+01
1.870871774483490668e+01 -1.043091255273554188e-02 1.040318053678220522e+01
1.663025960183372121e+01 2.086056675727462562e+00 1.040397476219147421e+01
1.870632694787867933e+01 2.079018858393020963e+01 1.040364581379606435e+01
1.663270432067030669e+01 2.289856060332014920e+01 1.040334424100097266e+01
2.288182849247203166e+01 2.078165296637926218e+01 1.040272470479631295e+01
2.078165296637926218e+01 2.288182849247203166e+01 1.040272470479631473e+01
2.078165296637926218e+01 3.715075279598532777e-04 1.247947529520368448e+01
2.288182849247203166e+01 2.100547033620727699e+00 1.247947529520368626e+01
1.247866268269089396e+01 1.663564871209412743e+01 1.247866268269089396e+01
1.455384904699239890e+01 1.871576430139785785e+01 1.247832295435501138e+01
4.169824571928808510e+00 1.663016243436204888e+01 1.247805660546261741e+01
6.252037565637947658e+00 1.871237542807119070e+01 1.247805660546261741e+01
1.663422231229137793e+01 8.327811609943134741e+00 1.247839307822720301e+01
1.871755561399767842e+01 1.040365554472936083e+01 1.247854445527063838e+01
1.247854445527064016e+01 4.164644386002324339e+00 1.247854445527063838e+01
1.455438839005686624e+01 6.247977687708620387e+00 1.247839307822720301e+01
-2.175206031284476760e-02 1.247900720008099285e+01 1.247900720008099285e+01
2.082296990862832597e+00 1.455423669774087259e+01 1.247843178981413637e+01
8.326715140367021206e+00 8.326715140367021206e+00 1.247871151656111799e+01
1.040299841613125587e+01 1.040299841613125587e+01 1.247920158386874512e+01
2.079018858393020963e+01 4.175873052121317208e+00 1.247855418620393309e+01
2.289856060332014565e+01 6.249495679329692521e+00 1.247885575899902655e+01
8.326661166721645913e+00 -2.001701475611264436e-02 1.247877112917676889e+01
1.040345705711027513e+01 2.080478466628027157e+00 1.247874294288972408e+01
2.098213056300878954e+00 2.098213056300878954e+00 1.247888332610955153e+01
8.802270911495355815e-03 8.802270911495347142e-03 1.247986360245704951e+01
1.247874294288972408e+01 2.080172153337197472e+01 1.247874294288972585e+01
1.455553883327835152e+01 2.290221701475611482e+01 1.247877112917676889e+01
1.663564871209412743e+01 1.247866268269089396e+01 1.247866268269089396e+01
1.871576430139785430e+01 1.455384904699239890e+01 1.247832295435501138e+01
-1.043091255273430849e-02 4.173482255165088972e+00 1.247901946321779043e+01
2.086056675727463006e+00 6.251940398166274448e+00 1.247822523780852499e+01
8.327963302259124845e+00 2.079990300913716794e+01 1.247843178981413637e+01
1.040319279991900459e+01 2.290395206031285369e+01 1.247900720008099462e+01
2.079990300913716794e+01 8.327963302259124845e+00 1.247843178981413637e+01
2.290395206031285369e+01 1.040319279991900636e+01 1.247900720008099285e+01
1.247894486900177036e+01 8.325906216575313934e+00 1.247894486900177036e+01
1.455629378342468883e+01 1.040325513099823063e+01 1.247894486900177036e+01
4.164644386002324339e+00 1.247854445527064016e+01 1.247854445527063838e+01
6.247977687708620387e+00 1.455438839005686624e+01 1.247839307822720301e+01
-1.636060332014845076e-02 1.663270432067030669e+01 1.247885575899902655e+01
2.092011416069792240e+00 1.870632694787867933e+01 1.247855418620393309e+01
-2.001701475611240150e-02 8.326661166721645913e+00 1.247877112917677067e+01
2.080478466628027601e+00 1.040345705711027513e+01 1.247874294288972585e+01
1.663199853868724176e+01 1.663199853868724176e+01 1.247814157047044858e+01
1.870846936364735313e+01 1.870846936364735313e+01 1.247802507576011699e+01
1.663270432067030313e+01 -1.636060332014807259e-02 1.247885575899902655e+01
1.870632694787867933e+01 2.092011416069791796e+00 1.247855418620393131e+01
2.080172153337197472e+01 1.247874294288972585e+01 1.247874294288972408e+01
2.290221701475611127e+01 1.455553883327835507e+01 1.247877112917676712e+01
8.325906216575313934e+00 1.247894486900177213e+01 1.247894486900177213e+01
1.040325513099823063e+01 1.455629378342468883e+01 1.247894486900177036e+01
4.175873052121317208e+00 2.079018858393020963e+01 1.247855418620393309e+01
6.249495679329692521e+00 2.289856060332014920e+01 1.247885575899902655e+01
8.328350953007600310e+00 4.166435698602145798e+00 1.247832295435501138e+01
1.040353731730910525e+01 6.246551287905879768e+00 1.247866268269089396e+01
1.247920158386874334e+01 1.247920158386874334e+01 1.247920158386874334e+01
1.455548485963297622e+01 1.455548485963297800e+01 1.247871151656111799e+01
1.247900720008099285e+01 -2.175206031284487515e-02 1.247900720008099285e+01
1.455423669774087259e+01 2.082296990862832597e+00 1.247843178981413637e+01
1.663025960183372121e+01 2.079614332427253842e+01 1.247822523780852322e+01
1.870871774483491023e+01 2.289263091255273253e+01 1.247901946321779576e+01
2.079614332427253487e+01 1.663025960183372476e+01 1.247822523780852322e+01
2.289263091255273253e+01 1.870871774483491023e+01 1.247901946321779398e+01
4.166435698602145798e+00 8.328350953007600310e+00 1.247832295435501138e+01
6.246551287905879768e+00 1.040353731730910525e+01 1.247866268269089396e+01
1.663016243436204888e+01 4.169824571928807622e+00 1.247805660546261741e+01
1.871237542807119070e+01 6.252037565637947658e+00 1.247805660546261741e+01
3.715075279594924011e-04 2.078165296637925863e+01 1.247947529520368626e+01
2.100547033620727699e+00 2.288182849247203166e+01 1.247947529520368803e+01
4.173730636352641632e+00 4.173730636352641632e+00 1.247802507576011699e+01
6.250201461312756557e+00 6.250201461312756557e+00 1.247814157047044681e+01
4.173482255165088972e+00 -1.043091255273429635e-02 1.247901946321779043e+01
6.251940398166274448e+00 2.086056675727463006e+00 1.247822523780852322e+01
8.327811609943134741e+00 1.663422231229137793e+01 1.247839307822720301e+01
1.040365554472936083e+01 1.871755561399767842e+01 1.247854445527063838e+01
2.078398694369911581e+01 2.078398694369911581e+01 1.247888332610955509e+01
2.287339772908849866e+01 2.287339772908849511e+01 1.247986360245705129e+01
2.084109749508934240e+00 8.328789905415417749e+00 1.455341009458457968e+01
-2.001701475611210312e-02 1.040342887082323031e+01 1.455553883327835152e+01
6.247977687708620387e+00 1.247839307822720301e+01 1.455438839005686624e+01
4.168234174419521487e+00 1.455299054125714697e+01 1.455299054125714697e+01
1.871576430139785430e+01 1.247832295435501138e+01 1.455384904699239890e+01
1.663282516670967226e+01 1.455361065381779717e+01 1.455361065381779717e+01
2.289152883107828984e+01 4.175207525095537164e+00 1.455440949922983584e+01
2.079436357843497518e+01 6.253524516042253900e+00 1.455240452684621211e+01
1.455422105284344347e+01 -1.837315262932635515e-02 1.455422105284344347e+01
1.247843178981413637e+01 2.082296990862832597e+00 1.455423669774087259e+01
1.040342887082323209e+01 -2.001701475611245701e-02 1.455553883327835152e+01
8.328789905415417749e+00 2.084109749508934240e+00 1.455341009458457968e+01
6.251531785240859840e+00 -1.485318483988060448e-02 1.455362468602542769e+01
4.177719836576887502e+00 2.093698397157052415e+00 1.455249500145249186e+01
1.870699247490446027e+01 -9.328831078282947067e-03 1.455440949922983584e+01
1.662867548395774264e+01 2.087836421565019140e+00 1.455240452684621211e+01
1.455548485963297800e+01 1.247871151656111621e+01 1.455548485963297800e+01
1.247871151656111799e+01 1.455548485963297800e+01 1.455548485963297800e+01
1.040380692177279620e+01 1.663422231229137793e+01 1.455438839005686624e+01
8.329209458742852235e+00 1.871396582558047683e+01 1.455299054125714520e+01
1.040348848343888299e+01 8.326715140367021206e+00 1.455548485963297978e+01
8.326715140367021206e+00 1.040348848343888299e+01 1.455548485963297978e+01
2.290057315262932391e+01 8.327978947156553957e+00 1.455422105284344347e+01
2.079990300913716794e+01 1.040376821018586284e+01 1.455423669774087081e+01
1.871062375624138596e+01 1.662878327467151252e+01 1.455206059408102348e+01
1.662878327467151252e+01 1.871062375624138951e+01 1.455206059408102170e+01
6.249374833290322506e+00 8.328589346182202036e+00 1.455361065381779717e+01
4.166435698602145798e+00 1.040387704564498783e+01 1.455384904699239890e+01
6.253416725328483139e+00 4.171576243758607916e+00 1.455206059408102348e+01
4.171576243758607916e+00 6.253416725328483139e+00 1.455206059408102170e+01
2.093698397157052415e+00 4.177719836576887502e+00 1.455249500145249186e+01
-1.485318483988047784e-02 6.251531785240859840e+00 1.455362468602542947e+01
1.455299054125714697e+01 4.168234174419521487e+00 1.455299054125714697e+01
1.247839307822720301e+01 6.247977687708621275e+00 1.455438839005686624e+01
1.870670942919303315e+01 4.175490570806962509e+00 1.455172233419347450e+01
1.663056425293120455e+01 6.251635747068790216e+00 1.455251568696898623e+01
6.253524516042253900e+00 2.079436357843497518e+01 1.455240452684621211e+01
4.175207525095538053e+00 2.289152883107828984e+01 1.455440949922983762e+01
2.290221701475611127e+01 1.247877112917676889e+01 1.455553883327835152e+01
2.079809025049106452e+01 1.455341009458457968e+01 1.455341009458457968e+01
1.455361065381779717e+01 1.663282516670967581e+01 1.455361065381779717e+01
1.247832295435501138e+01 1.871576430139785430e+01 1.455384904699239890e+01
1.870448016342310993e+01 2.078850160284294191e+01 1.455249500145249186e+01
1.663066821475913670e+01 2.289705318483987639e+01 1.455362468602542947e+01
2.087836421565018696e+00 1.662867548395774264e+01 1.455240452684621388e+01
-9.328831078282924516e-03 1.870699247490446027e+01 1.455440949922983762e+01
2.082296990862833042e+00 1.247843178981413814e+01 1.455423669774087259e+01
-1.837315262932694149e-02 1.455422105284344525e+01 1.455422105284344347e+01
1.040376821018586107e+01 2.079990300913716794e+01 1.455423669774087259e+01
8.327978947156552181e+00 2.290057315262932391e+01 1.455422105284344525e+01
1.040387704564498783e+01 4.166435698602146687e+00 1.455384904699239890e+01
8.328589346182202036e+00 6.249374833290322506e+00 1.455361065381779717e+01
1.040325513099823063e+01 1.247894486900177036e+01 1.455629378342468883e+01
8.327545723775630293e+00 1.455465427622436891e+01 1.455465427622436891e+01
2.289705318483987284e+01 1.663066821475913670e+01 1.455362468602542769e+01
2.078850160284293835e+01 1.870448016342310993e+01 1.455249500145249186e+01
1.871396582558047683e+01 8.329209458742852235e+00 1.455299054125714520e+01
1.663422231229137793e+01 1.040380692177279620e+01 1.455438839005686447e+01
1.309220040309258580e-03 2.101893094092211811e+00 1.455551430033119864e+01
2.101893094092212255e+00 1.309220040309185722e-03 1.455551430033119864e+01
2.287272397108876021e+01 9.476028911237017321e-03 1.455691659716047681e+01
2.078268027225173142e+01 2.099519727748269116e+00 1.455395673097105735e+01
1.455465427622436891e+01 8.327545723775630293e+00 1.455465427622436891e+01
1.247894486900177036e+01 1.040325513099823063e+01 1.455629378342468883e+01
1.455341009458457968e+01 2.079809025049106452e+01 1.455341009458457968e+01
1.247877112917676712e+01 2.290221701475611127e+01 1.455553883327835329e+01
6.251635747068790216e+00 1.663056425293120455e+01 1.455251568696898623e+01
4.175490570806961621e+00 1.870670942919303315e+01 1.455172233419347450e+01
2.099519727748269560e+00 2.078268027225173142e+01 1.455395673097105735e+01
9.476028911236515986e-03 2.287272397108876021e+01 1.455691659716047681e+01
2.288089077995969589e+01 2.078030690590778562e+01 1.455551430033120042e+01
2.078030690590778917e+01 2.288089077995969589e+01 1.455551430033119864e+01
8.329795473153783547e+00 2.079436357843497518e+01 1.662867548395774264e+01
1.040334424100097088e+01 2.289856060332014920e+01 1.663270432067030669e+01
2.102858338516640835e+00 2.102858338516640391e+00 1.662614960117388208e+01
1.112408998859821911e-02 1.112408998859790166e-02 1.663221636280652405e+01
-6.469194122773204957e-03 4.179429494251504451e+00 1.662721282061772499e+01
2.091469277474546917e+00 6.255543251326908916e+00 1.662665674867308496e+01
1.247814157047044858e+01 1.663199853868724176e+01 1.663199853868724176e+01
1.455206059408102348e+01 1.871062375624138951e+01 1.662878327467151252e+01
1.662844757243628990e+01 1.662844757243628990e+01 1.662844757243628990e+01
1.870356856902367326e+01 1.870356856902367326e+01 1.662515507685698424e+01
8.328575313974569738e+00 -1.485318483988085081e-02 1.663066821475912960e+01
1.040397476219147599e+01 2.086056675727463450e+00 1.663025960183372121e+01
1.662657187206417575e+01 4.174928563386981040e+00 1.662657187206417575e+01
1.870727143661301994e+01 6.255628127935826122e+00 1.662657187206417220e+01
3.404880541655606104e-03 2.077755063789672363e+01 1.662978155696722027e+01
2.104649362103270249e+00 2.287879511945834210e+01 1.662978155696722027e+01
2.079436357843497518e+01 8.329795473153785323e+00 1.662867548395774264e+01
2.289856060332014920e+01 1.040334424100097266e+01 1.663270432067030669e+01
-1.636060332014808646e-02 1.247885575899902832e+01 1.663270432067030313e+01
2.087836421565018696e+00 1.455240452684621388e+01 1.662867548395774264e+01
-1.176515546640362168e-02 1.662765950211963784e+01 1.662765950211963784e+01
2.097104861900799033e+00 1.870111901605888249e+01 1.662513552495430957e+01
1.247839307822720301e+01 8.327811609943134741e+00 1.663422231229137793e+01
1.455438839005686447e+01 1.040380692177279620e+01 1.663422231229137793e+01
8.328589346182200259e+00 8.328589346182200259e+00 1.663282516670967581e+01
1.040353731730910347e+01 1.040353731730910347e+01 1.663564871209412743e+01
4.181080983941114937e+00 2.078509513809920506e+01 1.662513552495430957e+01
6.254540497880364924e+00 2.289396515546641098e+01 1.662765950211963784e+01
1.662665674867308496e+01 2.079073072252544918e+01 1.662665674867308496e+01
1.870277050574848943e+01 2.288866919412276602e+01 1.662721282061772499e+01
1.247885575899902832e+01 -1.636060332014784013e-02 1.663270432067030669e+01
1.455240452684621388e+01 2.087836421565019585e+00 1.662867548395774264e+01
1.247822523780852322e+01 2.079614332427253842e+01 1.663025960183372476e+01
1.455362468602542947e+01 2.289705318483987639e+01 1.663066821475913315e+01
2.079614332427253842e+01 1.247822523780852322e+01 1.663025960183372121e+01
2.289705318483987284e+01 1.455362468602542947e+01 1.663066821475913315e+01
1.663056425293120455e+01 8.329684313031012977e+00 1.663056425293120455e+01
1.871237542807119425e+01 1.040414339453738179e+01 1.663016243436204888e+01
8.329684313031012977e+00 1.663056425293120455e+01 1.663056425293120455e+01
1.040414339453738179e+01 1.871237542807119070e+01 1.663016243436204888e+01
4.179429494251504451e+00 -6.469194122773523278e-03 1.662721282061772499e+01
6.255543251326908916e+00 2.091469277474546473e+00 1.662665674867308496e+01
-1.485318483988059927e-02 8.328575313974567962e+00 1.663066821475913315e+01
2.086056675727463450e+00 1.040397476219147599e+01 1.663025960183372121e+01
4.174928563386980152e+00 1.662657187206417575e+01 1.662657187206417575e+01
6.255628127935827010e+00 1.870727143661301994e+01 1.662657187206417575e+01
4.178631430976325944e+00 4.178631430976325056e+00 1.662515507685698068e+01
6.253752427563710192e+00 6.253752427563710192e+00 1.662844757243628990e+01
2.077755063789672363e+01 3.404880541655564037e-03 1.662978155696722027e+01
2.287879511945834210e+01 2.104649362103270693e+00 1.662978155696722027e+01
1.247866268269089396e+01 1.247866268269089396e+01 1.663564871209412743e+01
1.455361065381779717e+01 1.455361065381779717e+01 1.663282516670967581e+01
2.079073072252544563e+01 1.662665674867308496e+01 1.662665674867308496e+01
2.288866919412276246e+01 1.870277050574848587e+01 1.662721282061772499e+01
8.330139405918975726e+00 4.171576243758607916e+00 1.662878327467151252e+01
1.040405842952955240e+01 6.250201461312757445e+00 1.663199853868724176e+01
4.169824571928808510e+00 1.247805660546261741e+01 1.663016243436204888e+01
6.251635747068790216e+00 1.455251568696898623e+01 1.663056425293120455e+01
1.663199853868724176e+01 1.247814157047044858e+01 1.663199853868724176e+01
1.871062375624138951e+01 1.455206059408102170e+01 1.662878327467151252e+01
1.662765950211963428e+01 -1.176515546640353842e-02 1.662765950211963428e+01
1.870111901605887894e+01 2.097104861900798589e+00 1.662513552495430602e+01
4.171576243758607916e+00 8.330139405918975726e+00 1.662878327467151252e+01
6.250201461312757445e+00 1.040405842952955062e+01 1.663199853868724176e+01
1.247805660546261741e+01 4.169824571928808510e+00 1.663016243436204888e+01
1.455251568696898623e+01 6.251635747068790216e+00 1.663056425293120455e+01
8.327811609943134741e+00 1.247839307822720301e+01 1.663422231229137793e+01
1.040380692177279798e+01 1.455438839005686624e+01 1.663422231229137793e+01
2.078509513809920506e+01 4.181080983941115825e+00 1.662513552495430602e+01
2.289396515546641098e+01 6.254540497880364924e+00 1.662765950211963428e+01
2.077934166148335393e+01 2.077934166148335393e+01 1.662614960117388208e+01
2.287107591001139539e+01 2.287107591001139539e+01 1.663221636280652760e+01
2.102484170310677136e+00 4.184241275422282413e+00 1.869795872457771324e+01
-6.469194122773126894e-03 6.254987179382268891e+00 1.870277050574848587e+01
1.040318053678220522e+01 -1.043091255273489136e-02 1.870871774483490668e+01
8.329704998547507344e+00 2.093698397157051083e+00 1.870448016342310638e+01
1.455249500145249186e+01 2.078850160284294191e+01 1.870448016342310993e+01
1.247901946321779576e+01 2.289263091255273253e+01 1.870871774483491023e+01
1.040365554472936083e+01 1.247854445527063838e+01 1.871755561399767842e+01
8.329209458742852235e+00 1.455299054125714520e+01 1.871396582558047683e+01
6.257044923143014969e+00 4.178631430976324168e+00 1.870356856902367326e+01
4.178631430976324168e+00 6.257044923143014969e+00 1.870356856902367326e+01
2.289152883107828984e+01 8.327790500770159809e+00 1.870699247490446027e+01
2.079018858393020963e+01 1.040364581379606435e+01 1.870632694787867933e+01
2.108394632675986813e+00 2.077380536732401595e+01 1.869554779084059248e+01
1.404375356594742344e-02 2.286815624643403666e+01 1.870409548174907854e+01
1.870670942919303670e+01 8.330477665806524712e+00 1.870670942919303315e+01
1.663016243436204888e+01 1.040414339453738179e+01 1.871237542807119070e+01
1.869795872457771324e+01 2.077971582968932296e+01 1.869795872457771679e+01
1.662721282061772499e+01 2.288866919412276602e+01 1.870277050574848943e+01
1.455384904699239890e+01 1.247832295435501138e+01 1.871576430139785785e+01
1.247832295435501138e+01 1.455384904699239890e+01 1.871576430139785785e+01
1.040364581379606435e+01 2.079018858393020963e+01 1.870632694787867933e+01
8.327790500770159809e+00 2.289152883107828984e+01 1.870699247490446382e+01
1.455172233419347450e+01 4.175490570806962509e+00 1.870670942919303315e+01
1.247805660546261741e+01 6.252037565637948546e+00 1.871237542807119070e+01
6.257064475045689633e+00 2.078509513809920506e+01 1.870111901605888249e+01
4.184314356481511510e+00 2.288389563472794919e+01 1.869788564351848947e+01
6.253416725328483139e+00 8.330139405918975726e+00 1.871062375624138951e+01
4.173730636352642520e+00 1.040417492423988044e+01 1.870846936364735313e+01
6.255628127935827010e+00 1.662657187206417575e+01 1.870727143661301994e+01
4.182433954897255113e+00 1.869976604510274854e+01 1.869976604510274854e+01
2.289263091255273253e+01 1.247901946321779576e+01 1.870871774483491023e+01
2.078850160284294191e+01 1.455249500145249186e+01 1.870448016342310993e+01
1.869788564351848237e+01 -1.695634727947663853e-03 1.869788564351848237e+01
1.662513552495430957e+01 2.097104861900799477e+00 1.870111901605887894e+01
1.040387704564498605e+01 8.328350953007598534e+00 1.871576430139785785e+01
8.328350953007598534e+00 1.040387704564498605e+01 1.871576430139785785e+01
6.252037565637948546e+00 1.247805660546261741e+01 1.871237542807119070e+01
4.175490570806962509e+00 1.455172233419347450e+01 1.870670942919303315e+01
2.286815624643403666e+01 1.404375356594610331e-02 1.870409548174907499e+01
2.077380536732401239e+01 2.108394632675986369e+00 1.869554779084058893e+01
1.870846936364735313e+01 1.247802507576011699e+01 1.870846936364735313e+01
1.662878327467151252e+01 1.455206059408102348e+01 1.871062375624138951e+01
2.097104861900799033e+00 1.662513552495430957e+01 1.870111901605888249e+01
-1.695634727947435303e-03 1.869788564351848592e+01 1.869788564351848592e+01
8.153616402893141407e-03 2.111290235330691711e+00 1.869816279014982641e+01
2.111290235330691711e+00 8.153616402892742421e-03 1.869816279014982641e+01
1.455206059408102348e+01 1.662878327467151252e+01 1.871062375624138951e+01
1.247802507576011877e+01 1.870846936364735313e+01 1.870846936364735313e+01
1.040414339453738179e+01 1.663016243436204888e+01 1.871237542807119070e+01
8.330477665806524712e+00 1.870670942919303670e+01 1.870670942919303670e+01
2.288866919412276602e+01 1.662721282061772499e+01 1.870277050574848943e+01
2.077971582968932296e+01 1.869795872457771324e+01 1.869795872457771679e+01
2.093698397157051527e+00 8.329704998547507344e+00 1.870448016342310638e+01
-1.043091255273490177e-02 1.040318053678220522e+01 1.870871774483490668e+01
1.455299054125714520e+01 8.329209458742854011e+00 1.871396582558047683e+01
1.247854445527063838e+01 1.040365554472936083e+01 1.871755561399767842e+01
1.455440949922983940e+01 -9.328831078282648695e-03 1.870699247490446027e+01
1.247855418620393309e+01 2.092011416069792684e+00 1.870632694787867933e+01
1.869976604510274854e+01 4.182433954897255113e+00 1.869976604510274498e+01
1.662657187206417575e+01 6.255628127935827010e+00 1.870727143661301994e+01
2.288389563472794919e+01 4.184314356481512398e+00 1.869788564351848592e+01
2.078509513809920506e+01 6.257064475045689633e+00 1.870111901605888249e+01
1.040417492423988044e+01 4.173730636352642520e+00 1.870846936364735313e+01
8.330139405918975726e+00 6.253416725328483139e+00 1.871062375624138951e+01
1.870356856902367326e+01 1.662515507685698424e+01 1.870356856902367326e+01
1.662515507685698068e+01 1.870356856902367326e+01 1.870356856902367326e+01
6.254987179382269780e+00 -6.469194122773740986e-03 1.870277050574848587e+01
4.184241275422282413e+00 2.102484170310676692e+00 1.869795872457771324e+01
2.092011416069792684e+00 1.247855418620393309e+01 1.870632694787867933e+01
-9.328831078282587980e-03 1.455440949922983762e+01 1.870699247490446027e+01
2.287404638359710063e+01 2.077090976466930172e+01 1.869816279014982996e+01
2.077090976466929817e+01 2.287404638359710063e+01 1.869816279014982996e+01
8.326685699668800567e+00 1.309220040309608561e-03 2.078030690590778562e+01
1.040331667389044412e+01 2.098213056300879398e+00 2.078398694369911581e+01
1.662614960117387852e+01 2.077934166148335393e+01 2.077934166148335393e+01
1.869816279014982996e+01 2.287404638359710063e+01 2.077090976466930172e+01
2.078268027225173498e+01 8.328243269028943629e+00 2.078268027225173142e+01
2.288182849247203166e+01 1.040272470479631295e+01 2.078165296637926218e+01
4.175873052121318096e+00 1.247855418620393309e+01 2.079018858393020963e+01
6.253524516042253900e+00 1.455240452684621211e+01 2.079436357843497518e+01
1.662978155696722027e+01 3.404880541655492913e-03 2.077755063789672363e+01
1.869554779084059248e+01 2.108394632675986813e+00 2.077380536732401239e+01
1.247947529520368626e+01 3.715075279598156017e-04 2.078165296637925863e+01
1.455395673097105735e+01 2.099519727748269560e+00 2.078268027225173142e+01
4.186652209159404059e+00 2.077380536732401595e+01 2.077380536732401595e+01
6.252418443032776274e+00 2.287879511945834565e+01 2.077755063789672718e+01
1.247822523780852322e+01 1.663025960183372476e+01 2.079614332427253842e+01
1.455249500145249186e+01 1.870448016342310993e+01 2.078850160284294191e+01
1.247843178981413637e+01 8.327963302259126621e+00 2.079990300913716794e+01
1.455423669774087436e+01 1.040376821018586284e+01 2.079990300913716794e+01
4.181080983941114937e+00 1.662513552495430957e+01 2.078509513809920506e+01
6.257064475045689633e+00 1.870111901605888249e+01 2.078509513809920506e+01
1.663025960183372476e+01 1.247822523780852322e+01 2.079614332427253842e+01
1.870448016342310993e+01 1.455249500145249186e+01 2.078850160284294191e+01
8.327963302259126621e+00 1.247843178981413637e+01 2.079990300913716794e+01
1.040376821018586284e+01 1.455423669774087259e+01 2.079990300913716794e+01
4.184037209850166583e+00 8.153616402891935774e-03 2.077090976466929462e+01
6.256050398826117132e+00 2.102858338516638170e+00 2.077934166148335038e+01
2.078398694369911581e+01 1.247888332610955509e+01 2.078398694369911581e+01
2.288089077995969944e+01 1.455551430033119864e+01 2.078030690590778917e+01
2.076328918765178599e+01 1.839529830755388951e-02 2.076328918765178599e+01
2.286380470169243395e+01 2.118910812348195005e+00 2.076328918765178599e+01
3.404880541655535414e-03 1.662978155696722027e+01 2.077755063789672363e+01
2.108394632675986813e+00 1.869554779084059248e+01 2.077380536732401595e+01
1.839529830755504136e-02 2.076328918765178955e+01 2.076328918765178955e+01
2.118910812348195893e+00 2.286380470169243750e+01 2.076328918765178955e+01
2.113005203336831617e+00 2.113005203336831173e+00 2.076919479666316093e+01
2.450420934112861396e-02 2.450420934112830518e-02 2.076326382317337860e+01
1.662513552495430957e+01 4.181080983941114937e+00 2.078509513809920506e+01
1.870111901605888249e+01 6.257064475045689633e+00 2.078509513809920506e+01
8.328243269028943629e+00 2.078268027225173498e+01 2.078268027225173142e+01
1.040272470479631473e+01 2.288182849247203166e+01 2.078165296637926218e+01
8.328789905415417749e+00 8.328789905415415973e+00 2.079809025049106808e+01
1.040345705711027335e+01 1.040345705711027335e+01 2.080172153337197472e+01
4.184241275422279749e+00 4.184241275422278861e+00 2.077971582968931941e+01
6.255543251326907139e+00 6.255543251326907139e+00 2.079073072252544918e+01
1.247888332610955509e+01 2.078398694369911937e+01 2.078398694369911937e+01
1.455551430033119864e+01 2.288089077995969944e+01 2.078030690590778917e+01
1.662665674867308496e+01 1.662665674867308496e+01 2.079073072252545273e+01
1.869795872457771679e+01 1.869795872457771679e+01 2.077971582968932651e+01
2.077934166148335393e+01 1.662614960117387852e+01 2.077934166148335393e+01
2.287404638359710063e+01 1.869816279014982996e+01 2.077090976466930172e+01
1.247855418620393309e+01 4.175873052121318096e+00 2.079018858393020963e+01
1.455240452684621388e+01 6.253524516042254788e+00 2.079436357843497518e+01
2.077380536732401595e+01 4.186652209159404947e+00 2.077380536732401595e+01
2.287879511945834565e+01 6.252418443032777162e+00 2.077755063789672718e+01
1.247874294288972585e+01 1.247874294288972408e+01 2.080172153337197472e+01
1.455341009458457968e+01 1.455341009458457968e+01 2.079809025049106808e+01
3.715075279602098718e-04 1.247947529520368626e+01 2.078165296637925863e+01
2.099519727748269560e+00 1.455395673097105735e+01 2.078268027225173142e+01
8.153616402892300066e-03 4.184037209850165695e+00 2.077090976466929462e+01
2.102858338516639058e+00 6.256050398826116243e+00 2.077934166148335038e+01
8.329704998547507344e+00 4.177719836576884838e+00 2.078850160284294191e+01
1.040397476219147599e+01 6.251940398166272672e+00 2.079614332427253842e+01
4.177719836576884838e+00 8.329704998547507344e+00 2.078850160284294191e+01
6.251940398166273560e+00 1.040397476219147421e+01 2.079614332427253842e+01
1.662867548395774620e+01 8.329795473153785323e+00 2.079436357843497518e+01
1.870632694787867933e+01 1.040364581379606435e+01 2.079018858393020963e+01
8.329795473153785323e+00 1.662867548395774264e+01 2.079436357843497518e+01
1.040364581379606435e+01 1.870632694787867933e+01 2.079018858393020963e+01
1.309220040309795911e-03 8.326685699668798790e+00 2.078030690590778562e+01
2.098213056300878954e+00 1.040331667389044412e+01 2.078398694369911581e+01
2.076919479666316448e+01 2.076919479666316448e+01 2.076919479666316448e+01
2.285769579065886958e+01 2.285769579065887314e+01 2.076326382317338215e+01
1.040233639754295147e+01 8.802270911495201425e-03 2.287339772908849511e+01
8.326685699668798790e+00 2.101893094092209591e+00 2.288089077995969944e+01
6.252418443032777162e+00 2.077755063789672718e+01 2.287879511945834210e+01
4.178104518250917998e+00 2.286815624643403666e+01 2.286815624643404021e+01
1.870871774483491023e+01 1.247901946321779398e+01 2.289263091255273253e+01
1.663066821475913670e+01 1.455362468602542947e+01 2.289705318483987639e+01
1.455440949922983940e+01 4.175207525095538941e+00 2.289152883107828984e+01
1.247885575899902832e+01 6.249495679329693409e+00 2.289856060332014565e+01
2.118936176826616613e+00 2.450420934112809007e-02 2.285769579065886958e+01
2.450420934112834334e-02 2.118936176826616169e+00 2.285769579065886958e+01
1.040334424100097088e+01 1.663270432067030669e+01 2.289856060332014920e+01
8.327790500770161586e+00 1.870699247490446382e+01 2.289152883107828629e+01
1.869788564351848947e+01 4.184314356481511510e+00 2.288389563472794919e+01
1.662765950211963784e+01 6.254540497880364924e+00 2.289396515546641098e+01
1.455553883327835329e+01 1.247877112917676712e+01 2.290221701475611482e+01
1.247877112917676889e+01 1.455553883327835152e+01 2.290221701475611482e+01
2.284306201676611536e+01 3.913798323386830091e-02 2.284306201676611181e+01
2.076328918765178955e+01 2.118910812348194561e+00 2.286380470169243395e+01
1.455551430033119864e+01 2.078030690590778917e+01 2.288089077995969944e+01
1.247986360245704951e+01 2.287339772908849866e+01 2.287339772908849866e+01
6.254987179382265339e+00 4.179429494251503563e+00 2.288866919412276246e+01
4.179429494251504451e+00 6.254987179382264451e+00 2.288866919412276246e+01
2.287339772908849866e+01 1.247986360245704951e+01 2.287339772908849511e+01
2.078030690590778917e+01 1.455551430033119864e+01 2.288089077995969944e+01
2.104649362103269805e+00 1.662978155696722382e+01 2.287879511945834210e+01
1.404375356594600791e-02 1.870409548174907854e+01 2.286815624643403311e+01
2.100547033620729032e+00 1.247947529520368803e+01 2.288182849247202810e+01
9.476028911237532534e-03 1.455691659716047504e+01 2.287272397108876021e+01
6.249983637193470720e+00 1.112408998859535335e-02 2.287107591001139184e+01
4.184037209850167471e+00 2.111290235330691711e+00 2.287404638359710063e+01
1.040319279991900459e+01 1.247900720008099285e+01 2.290395206031285369e+01
8.327978947156553957e+00 1.455422105284344525e+01 2.290057315262932036e+01
1.870277050574848943e+01 1.662721282061772499e+01 2.288866919412276602e+01
1.662721282061772499e+01 1.870277050574848943e+01 2.288866919412276602e+01
1.455691659716047504e+01 9.476028911237478758e-03 2.287272397108876021e+01
1.247947529520368803e+01 2.100547033620729476e+00 2.288182849247202810e+01
6.251531785240857175e+00 8.328575313974564409e+00 2.289705318483987284e+01
4.173482255165086308e+00 1.040318053678220700e+01 2.289263091255273253e+01
2.118910812348195005e+00 2.076328918765178955e+01 2.286380470169243750e+01
3.913798323386964706e-02 2.284306201676611536e+01 2.284306201676611536e+01
2.101893094092209591e+00 8.326685699668797014e+00 2.288089077995969944e+01
8.802270911495496328e-03 1.040233639754294970e+01 2.287339772908849511e+01
2.286815624643403666e+01 4.178104518250918886e+00 2.286815624643403666e+01
2.077755063789672718e+01 6.252418443032777162e+00 2.287879511945834210e+01
1.870699247490446382e+01 8.327790500770159809e+00 2.289152883107828984e+01
1.663270432067031024e+01 1.040334424100097088e+01 2.289856060332014920e+01
2.287107591001139895e+01 1.663221636280652760e+01 2.287107591001139539e+01
2.077090976466930528e+01 1.869816279014982996e+01 2.287404638359710063e+01
1.455422105284344703e+01 8.327978947156553957e+00 2.290057315262932036e+01
1.247900720008099285e+01 1.040319279991900459e+01 2.290395206031285369e+01
1.040342887082322854e+01 8.326661166721642360e+00 2.290221701475611482e+01
8.326661166721644136e+00 1.040342887082322676e+01 2.290221701475611482e+01
1.870409548174907854e+01 1.404375356594638087e-02 2.286815624643403311e+01
1.662978155696722382e+01 2.104649362103270249e+00 2.287879511945833855e+01
1.455362468602542947e+01 1.663066821475913670e+01 2.289705318483987639e+01
1.247901946321779398e+01 1.870871774483491023e+01 2.289263091255273253e+01
6.249495679329693409e+00 1.247885575899902655e+01 2.289856060332014565e+01
4.175207525095538053e+00 1.455440949922983762e+01 2.289152883107828984e+01
2.111290235330692155e+00 4.184037209850167471e+00 2.287404638359710063e+01
1.112408998859509661e-02 6.249983637193468944e+00 2.287107591001139184e+01
1.869816279014982996e+01 2.077090976466930172e+01 2.287404638359710418e+01
1.663221636280652760e+01 2.287107591001139895e+01 2.287107591001139895e+01
1.040272470479631295e+01 2.078165296637926218e+01 2.288182849247203166e+01
8.325283402839529501e+00 2.287272397108876376e+01 2.287272397108876376e+01
1.040318053678220700e+01 4.173482255165087196e+00 2.289263091255273253e+01
8.328575313974564409e+00 6.251531785240857175e+00 2.289705318483987284e+01
6.254540497880365812e+00 1.662765950211963784e+01 2.289396515546641098e+01
4.184314356481511510e+00 1.869788564351848947e+01 2.288389563472794919e+01
2.287272397108876731e+01 8.325283402839527724e+00 2.287272397108876376e+01
2.078165296637926218e+01 1.040272470479631295e+01 2.288182849247203166e+01
2.285769579065887669e+01 2.076326382317338215e+01 2.285769579065886958e+01
2.076326382317338215e+01 2.285769579065886958e+01 2.285769579065887314e+01
