108

2.100824286065084756e+00 2.100824286065084756e+00 2.923762536075464832e-04
2.096561459684240583e-02 2.096561459684238848e-02 2.096561459684134765e-02
-1.474995154449347621e-03 4.164279022229393057e+00 -1.474995154449572484e-03
2.094503786320954131e+00 6.233755090910311658e+00 -8.764391450024913016e-03
7.251333191727609914e-03 8.299005682813975326e+00 7.251333191727503229e-03
2.101994317186023586e+00 1.039374866680826592e+01 7.251333191727691446e-03
4.164279022229393057e+00 -1.474995154449565329e-03 -1.474995154449631465e-03
6.233755090910310770e+00 2.094503786320953687e+00 -8.764391450024876587e-03
4.166312151416999399e+00 4.166312151416999399e+00 -1.733640781631669986e-02
6.234687848583000402e+00 6.234687848583000402e+00 -1.733640781631601291e-02
4.167244909089689919e+00 8.306496213679041674e+00 -8.764391450024390864e-03
6.236720977770607632e+00 1.040247499515444929e+01 -1.474995154450585346e-03
8.299005682813973550e+00 7.251333191727557005e-03 7.251333191727485014e-03
1.039374866680826592e+01 2.101994317186023142e+00 7.251333191727564811e-03
8.306496213679041674e+00 4.167244909089689919e+00 -8.764391450024560867e-03
1.040247499515444929e+01 6.236720977770607632e+00 -1.474995154450881767e-03
8.300175713934912380e+00 8.300175713934912380e+00 2.923762536082078465e-04
1.038003438540315493e+01 1.038003438540315493e+01 2.096561459683805168e-02
6.235523573170469014e+00 4.165476426829531675e+00 2.086907879695521828e+00
4.165476426829531675e+00 6.235523573170469014e+00 2.086907879695522272e+00
2.095016686635659653e+00 8.305983313364338372e+00 2.095016686635659653e+00
7.251333191727757366e-03 1.039374866680826592e+01 2.101994317186023586e+00
6.233642872211598629e+00 8.309657212040416852e+00 2.091342787959585614e+00
4.167244909089689031e+00 1.040976439145002708e+01 2.094503786320953242e+00
2.091342787959584726e+00 4.167357127788402060e+00 2.091342787959584726e+00
-8.764391450024763830e-03 6.233755090910311658e+00 2.094503786320953687e+00
1.039374866680826592e+01 7.251333191727610782e-03 2.101994317186022698e+00
8.305983313364338372e+00 2.095016686635659653e+00 2.095016686635659653e+00
6.233755090910310770e+00 -8.764391450024586888e-03 2.094503786320953687e+00
4.167357127788401172e+00 2.091342787959585170e+00 2.091342787959584726e+00
1.040976439145002708e+01 4.167244909089689031e+00 2.094503786320952798e+00
8.309657212040416852e+00 6.233642872211598629e+00 2.091342787959585614e+00
2.923762536078790080e-04 2.100824286065084312e+00 2.100824286065084756e+00
2.100824286065084756e+00 2.923762536078092396e-04 2.100824286065084756e+00
1.040070762374639557e+01 8.300175713934914157e+00 2.100824286065083424e+00
8.300175713934914157e+00 1.040070762374639557e+01 2.100824286065083424e+00
-8.764391450024453314e-03 8.306496213679041674e+00 4.167244909089689919e+00
2.094503786320953242e+00 1.040976439145002708e+01 4.167244909089689031e+00
2.091342787959584726e+00 2.091342787959585170e+00 4.167357127788401172e+00
-1.474995154449641657e-03 -1.474995154449681338e-03 4.164279022229393057e+00
8.306496213679041674e+00 -8.764391450024281577e-03 4.167244909089689919e+00
1.040976439145002708e+01 2.094503786320953242e+00 4.167244909089688143e+00
4.164372734031305257e+00 4.164372734031305257e+00 4.164372734031304368e+00
6.236627265968696321e+00 6.236627265968696321e+00 4.164372734031304368e+00
-1.733640781631659925e-02 4.166312151416999399e+00 4.166312151416999399e+00
2.086907879695522272e+00 6.235523573170469014e+00 4.165476426829531675e+00
8.314092120304481526e+00 4.165476426829531675e+00 4.165476426829531675e+00
1.041833640781632120e+01 6.234687848583001291e+00 4.166312151416998510e+00
4.166312151416999399e+00 -1.733640781631642577e-02 4.166312151416999399e+00
6.235523573170468126e+00 2.086907879695522272e+00 4.165476426829531675e+00
4.165476426829531675e+00 8.314092120304481526e+00 4.165476426829531675e+00
6.234687848583001291e+00 1.041833640781632120e+01 4.166312151416998510e+00
8.309657212040416852e+00 8.309657212040416852e+00 4.167357127788401172e+00
1.040247499515445107e+01 1.040247499515445107e+01 4.164279022229392169e+00
1.040247499515444929e+01 -1.474995154450911474e-03 6.236720977770606744e+00
8.309657212040416852e+00 2.091342787959586058e+00 6.233642872211598629e+00
2.086907879695522272e+00 4.165476426829531675e+00 6.235523573170468126e+00
-1.733640781631633557e-02 6.234687848583001291e+00 6.234687848583001291e+00
-8.764391450024621583e-03 2.094503786320953687e+00 6.233755090910310770e+00
2.094503786320953687e+00 -8.764391450024524438e-03 6.233755090910310770e+00
6.235523573170468126e+00 8.314092120304479749e+00 6.235523573170467238e+00
4.166312151416999399e+00 1.041833640781632120e+01 6.234687848583000402e+00
1.041833640781632120e+01 4.166312151416999399e+00 6.234687848583000402e+00
8.314092120304479749e+00 6.235523573170468126e+00 6.235523573170467238e+00
2.091342787959586058e+00 8.309657212040416852e+00 6.233642872211598629e+00
-1.474995154451128748e-03 1.040247499515444929e+01 6.236720977770606744e+00
6.236627265968696321e+00 4.164372734031305257e+00 6.236627265968696321e+00
4.164372734031305257e+00 6.236627265968696321e+00 6.236627265968696321e+00
6.234687848583001291e+00 -1.733640781631571801e-02 6.234687848583001291e+00
4.165476426829531675e+00 2.086907879695522716e+00 6.235523573170469014e+00
1.040976439145002885e+01 8.306496213679043450e+00 6.233755090910309882e+00
8.306496213679043450e+00 1.040976439145002885e+01 6.233755090910309882e+00
4.167357127788402060e+00 8.309657212040416852e+00 8.309657212040416852e+00
6.233755090910310770e+00 1.040976439145002708e+01 8.306496213679043450e+00
4.165476426829531675e+00 4.165476426829531675e+00 8.314092120304481526e+00
6.235523573170468126e+00 6.235523573170468126e+00 8.314092120304479749e+00
-8.764391450023945040e-03 4.167244909089689031e+00 8.306496213679041674e+00
2.091342787959586058e+00 6.233642872211599517e+00 8.309657212040415075e+00
8.309657212040416852e+00 4.167357127788402060e+00 8.309657212040416852e+00
1.040976439145002885e+01 6.233755090910311658e+00 8.306496213679041674e+00
2.923762536081375360e-04 8.300175713934914157e+00 8.300175713934912380e+00
2.100824286065083424e+00 1.040070762374639557e+01 8.300175713934912380e+00
2.095016686635660097e+00 2.095016686635659653e+00 8.305983313364338372e+00
7.251333191728328090e-03 7.251333191728286456e-03 8.299005682813975326e+00
8.300175713934912380e+00 2.923762536084041955e-04 8.300175713934912380e+00
1.040070762374639557e+01 2.100824286065083424e+00 8.300175713934912380e+00
4.167244909089689031e+00 -8.764391450023816671e-03 8.306496213679041674e+00
6.233642872211598629e+00 2.091342787959586502e+00 8.309657212040416852e+00
8.305983313364338372e+00 8.305983313364338372e+00 8.305983313364336595e+00
1.039374866680826948e+01 1.039374866680826948e+01 8.299005682813971774e+00
6.236720977770607632e+00 -1.474995154450790043e-03 1.040247499515444929e+01
4.167244909089689031e+00 2.094503786320953687e+00 1.040976439145002885e+01
2.100824286065083424e+00 8.300175713934914157e+00 1.040070762374639379e+01
2.096561459683872128e-02 1.038003438540315670e+01 1.038003438540315493e+01
1.040247499515445107e+01 4.164279022229393057e+00 1.040247499515444929e+01
8.306496213679043450e+00 6.233755090910311658e+00 1.040976439145002708e+01
6.234687848583001291e+00 4.166312151416999399e+00 1.041833640781632120e+01
4.166312151416999399e+00 6.234687848583001291e+00 1.041833640781632120e+01
1.038003438540315670e+01 2.096561459683870046e-02 1.038003438540315493e+01
8.300175713934914157e+00 2.100824286065083424e+00 1.040070762374639379e+01
6.233755090910310770e+00 8.306496213679043450e+00 1.040976439145002708e+01
4.164279022229392169e+00 1.040247499515445107e+01 1.040247499515444929e+01
2.094503786320953687e+00 4.167244909089689919e+00 1.040976439145002708e+01
-1.474995154450737134e-03 6.236720977770607632e+00 1.040247499515444751e+01
2.101994317186023586e+00 7.251333191728371458e-03 1.039374866680826770e+01
7.251333191728641207e-03 2.101994317186023586e+00 1.039374866680826770e+01
1.039374866680826948e+01 8.299005682813975326e+00 1.039374866680826770e+01
8.299005682813973550e+00 1.039374866680826948e+01 1.039374866680826770e+01
