500

2.114444188232877053e+00 2.114444188232876609e+00 1.392929989968298872e-02
3.466126425898416463e-02 3.466126425898401892e-02 3.466126425898383850e-02
9.826258428400215517e-03 4.174124049900004074e+00 9.826258428399183356e-03
2.100488135518717048e+00 6.248624231857035305e+00 -7.880361551185755247e-04
6.041562718262190497e-03 8.322453271351655246e+00 6.041562718262572136e-03
2.098397379914678229e+00 1.039864378011804114e+01 -2.383461532076625294e-03
7.213180861071144534e-03 1.247519807806156855e+01 7.213180861070760293e-03
2.106867176182649182e+00 1.454199471826240497e+01 3.746838405915119824e-03
2.011930857096754649e-02 1.660722024185293932e+01 2.011930857096768180e-02
2.114579758147069555e+00 1.870168069142905054e+01 2.011930857096721342e-02
4.174124049900004074e+00 9.826258428399271827e-03 9.826258428399669079e-03
6.248624231857035305e+00 2.100488135518716160e+00 -7.880361551187252530e-04
4.179887254104013294e+00 4.179887254104013294e+00 -6.201020350702190174e-03
6.250239076452833054e+00 6.250239076452833054e+00 -1.601487250130519818e-02
4.171891724195963214e+00 8.323608012028445913e+00 -1.315657377199774651e-02
6.248035951846047098e+00 1.039777079729997666e+01 -1.847507576392478854e-02
4.175208357036612306e+00 1.247101249503694476e+01 -1.083232153419763991e-02
6.250787504963058794e+00 1.454659164296339391e+01 -1.083232153419675693e-02
4.179805281737602130e+00 1.661493282381736236e+01 3.746838405914634101e-03
6.246601921938438551e+00 1.871458681913894395e+01 7.213180861072520170e-03
8.322453271351655246e+00 6.041562718262104628e-03 6.041562718261613701e-03
1.039864378011804114e+01 2.098397379914678229e+00 -2.383461532077196885e-03
8.323608012028445913e+00 4.171891724195962325e+00 -1.315657377199780202e-02
1.039777079729997489e+01 6.248035951846047098e+00 -1.847507576392489262e-02
8.323676149976463989e+00 8.323676149976463989e+00 -2.105470322868033609e-02
1.039812385002353778e+01 1.039812385002353956e+01 -2.105470322867997179e-02
8.324029202700026886e+00 1.247376404815395645e+01 -1.847507576392381015e-02
1.039819198797155764e+01 1.454990827580404300e+01 -1.315657377199798764e-02
8.323156219881960638e+00 1.662340262008532932e+01 -2.383461532076052401e-03
1.039934672864834653e+01 1.871575843728174604e+01 6.041562718261797582e-03
1.247519807806156855e+01 7.213180861070853968e-03 7.213180861069990943e-03
1.454199471826240320e+01 2.106867176182650070e+00 3.746838405914443716e-03
1.247101249503694298e+01 4.175208357036613194e+00 -1.083232153419836155e-02
1.454659164296339391e+01 6.250787504963059682e+00 -1.083232153419711082e-02
1.247376404815395645e+01 8.324029202700026886e+00 -1.847507576392385872e-02
1.454990827580404300e+01 1.039819198797155764e+01 -1.315657377199800325e-02
1.247156092354716961e+01 1.247156092354716783e+01 -1.601487250130504553e-02
1.454191274589598848e+01 1.454191274589598848e+01 -6.201020350703746221e-03
1.247317576814296736e+01 1.662131186448129228e+01 -7.880361551186347221e-04
1.454767595009999859e+01 1.871197374157159388e+01 9.826258428400036840e-03
1.660722024185293932e+01 2.011930857096762976e-02 2.011930857096635647e-02
1.870168069142905054e+01 2.114579758147069555e+00 2.011930857096606851e-02
1.661493282381736236e+01 4.179805281737601241e+00 3.746838405914343535e-03
1.871458681913894040e+01 6.246601921938437663e+00 7.213180861070979735e-03
1.662340262008532932e+01 8.323156219881960638e+00 -2.383461532076023345e-03
1.871575843728174604e+01 1.039934672864834653e+01 6.041562718261737734e-03
1.662131186448128872e+01 1.247317576814296736e+01 -7.880361551186596588e-04
1.871197374157159388e+01 1.454767595009999859e+01 9.826258428399551118e-03
1.660735581176712827e+01 1.660735581176712827e+01 1.392929989968207799e-02
1.868713873574101925e+01 1.868713873574101925e+01 3.466126425897814167e-02
1.039788583876846850e+01 8.323914161231535047e+00 2.082023469492510603e+00
8.323914161231535047e+00 1.039788583876846850e+01 2.082023469492510603e+00
6.252422930846252669e+00 4.176688723015303140e+00 2.092699159060324554e+00
4.176688723015303140e+00 6.252422930846252669e+00 2.092699159060324554e+00
1.039737275784792381e+01 1.247219832527752637e+01 2.084666170643848737e+00
8.324670903816629774e+00 1.454766063714721902e+01 2.090029611889179240e+00
2.098578674937145561e+00 1.247000047283397883e+01 2.098578674937146005e+00
3.746838405915118523e-03 1.454199471826240320e+01 2.106867176182649182e+00
1.039792727573746411e+01 1.662587258178346517e+01 2.095927418216538385e+00
8.323156219881964191e+00 1.872418346153208546e+01 2.098397379914679117e+00
6.249601674722476297e+00 8.324427242152079742e+00 2.084666170643848737e+00
4.174139362852783641e+00 1.039712909618337022e+01 2.090029611889179684e+00
1.454199471826240320e+01 3.746838405914960663e-03 2.106867176182648738e+00
1.247000047283397883e+01 2.098578674937145561e+00 2.098578674937145117e+00
1.392929989968342760e-02 2.114444188232877053e+00 2.114444188232876609e+00
2.114444188232876609e+00 1.392929989968303903e-02 2.114444188232876609e+00
1.454210103520858155e+01 4.179698964791427329e+00 2.097891462864271528e+00
1.247088928212547643e+01 6.250910717874523570e+00 2.087318851961587729e+00
6.250910717874523570e+00 1.247088928212547643e+01 2.087318851961588173e+00
4.179698964791426441e+00 1.454210103520858155e+01 2.097891462864271972e+00
1.454766063714721902e+01 8.324670903816631551e+00 2.090029611889179684e+00
1.247219832527752637e+01 1.039737275784792381e+01 2.084666170643849181e+00
2.108535506472318133e+00 1.661326449352769075e+01 2.108535506472318133e+00
2.011930857096670688e-02 1.870168069142905054e+01 2.114579758147069999e+00
1.454511127698469863e+01 1.246937706915374910e+01 2.092699159060324110e+00
1.246937706915374910e+01 1.454511127698469863e+01 2.092699159060323666e+00
6.251799527166025605e+00 1.662322132506286465e+01 2.098578674937146449e+00
4.179805281737603018e+00 1.871805316159409216e+01 2.106867176182650070e+00
1.453956918485362593e+01 1.661792487366287219e+01 2.103875126337126478e+00
1.247317576814296736e+01 1.872258803615512335e+01 2.100488135518716604e+00
2.095927418216539273e+00 8.323872724262537659e+00 2.095927418216538829e+00
-2.383461532076794863e-03 1.039864378011804114e+01 2.098397379914678673e+00
1.870168069142904699e+01 2.011930857096604075e-02 2.114579758147068667e+00
1.661326449352769075e+01 2.108535506472318133e+00 2.108535506472317245e+00
1.039864378011804114e+01 -2.383461532076949687e-03 2.098397379914676897e+00
8.323872724262537659e+00 2.095927418216538829e+00 2.095927418216538829e+00
1.871805316159409216e+01 4.179805281737603018e+00 2.106867176182648738e+00
1.662322132506286465e+01 6.251799527166025605e+00 2.098578674937146005e+00
6.248624231857035305e+00 -7.880361551188986170e-04 2.100488135518716160e+00
4.182230815146374070e+00 2.103875126337127366e+00 2.103875126337127366e+00
1.872418346153208546e+01 8.323156219881964191e+00 2.098397379914678673e+00
1.662587258178346517e+01 1.039792727573746411e+01 2.095927418216538385e+00
1.039712909618337022e+01 4.174139362852783641e+00 2.090029611889179240e+00
8.324427242152077966e+00 6.249601674722476297e+00 2.084666170643848737e+00
1.872258803615511980e+01 1.247317576814296913e+01 2.100488135518715715e+00
1.661792487366286863e+01 1.453956918485362770e+01 2.103875126337126478e+00
2.103875126337127810e+00 4.182230815146374070e+00 2.103875126337127366e+00
-7.880361551182954753e-04 6.248624231857035305e+00 2.100488135518716160e+00
1.870787070010031883e+01 1.660735581176712827e+01 2.114444188232875721e+00
1.660735581176712827e+01 1.870787070010032238e+01 2.114444188232875277e+00
1.246971106175627853e+01 4.174135256453708642e+00 4.174135256453708642e+00
1.454766474354629224e+01 6.252088938243724137e+00 4.174135256453708642e+00
4.171903161320588360e+00 8.324753840383131376e+00 4.171903161320588360e+00
6.249286142850101200e+00 1.039743757276736247e+01 4.168399854407789817e+00
8.324753840383131376e+00 4.171903161320588360e+00 4.171903161320588360e+00
1.039743757276736069e+01 6.249286142850101200e+00 4.168399854407789817e+00
1.247251385714989880e+01 8.324362427232641082e+00 4.168399854407789817e+00
1.454989683867941608e+01 1.039704615961687040e+01 4.171903161320588360e+00
-1.083232153419778736e-02 1.247101249503694476e+01 4.175208357036614082e+00
2.097891462864271972e+00 1.454210103520858155e+01 4.179698964791427329e+00
4.179887254104013294e+00 -6.201020350702537987e-03 4.179887254104012406e+00
6.252422930846252669e+00 2.092699159060324110e+00 4.176688723015302251e+00
1.247109470833924050e+01 1.247109470833924227e+01 4.170742791957238182e+00
1.454407293382068289e+01 1.454407293382068467e+01 4.177727066179320659e+00
8.324014570877521280e+00 8.324014570877521280e+00 4.166109812118167888e+00
1.039778542912248227e+01 1.039778542912248227e+01 4.166109812118167000e+00
4.174135256453708642e+00 1.246971106175627853e+01 4.174135256453709530e+00
6.252088938243724137e+00 1.454766474354629224e+01 4.174135256453708642e+00
1.246937706915374910e+01 1.662910084093967811e+01 4.176688723015302251e+00
1.454191274589599026e+01 1.872800102035070680e+01 4.179887254104012406e+00
-1.315657377199737181e-02 8.323608012028445913e+00 4.171891724195962325e+00
2.090029611889179684e+00 1.039712909618337022e+01 4.174139362852783641e+00
8.324362427232641082e+00 1.247251385714990057e+01 4.168399854407789817e+00
1.039704615961686862e+01 1.454989683867941608e+01 4.171903161320589248e+00
1.661493282381736236e+01 3.746838405914488818e-03 4.179805281737601241e+00
1.871805316159409216e+01 2.106867176182648738e+00 4.179805281737602130e+00
2.103875126337127366e+00 2.103875126337127366e+00 4.182230815146374070e+00
9.826258428399120906e-03 9.826258428399750611e-03 4.174124049900003186e+00
4.179698964791427329e+00 1.662390853713573691e+01 4.179698964791428217e+00
6.250787504963061458e+00 1.873263232153421143e+01 4.175208357036614082e+00
1.662390853713573691e+01 4.179698964791427329e+00 4.179698964791427329e+00
1.873263232153421143e+01 6.250787504963061458e+00 4.175208357036613194e+00
8.324670903816629774e+00 1.663177038811082653e+01 4.174139362852782753e+00
1.039819198797155764e+01 1.873495657377199564e+01 4.171891724195963214e+00
4.177727066179320659e+00 4.177727066179320659e+00 4.177727066179320659e+00
6.250705291660759499e+00 6.250705291660760388e+00 4.170742791957238182e+00
1.663177038811082298e+01 8.324670903816631551e+00 4.174139362852782753e+00
1.873495657377199564e+01 1.039819198797155764e+01 4.171891724195962325e+00
3.746838405914627596e-03 1.661493282381736236e+01 4.179805281737602130e+00
2.106867176182649626e+00 1.871805316159409216e+01 4.179805281737603906e+00
1.247101249503694298e+01 -1.083232153419824879e-02 4.175208357036612306e+00
1.454210103520858155e+01 2.097891462864271528e+00 4.179698964791426441e+00
1.662910084093967811e+01 1.246937706915375088e+01 4.176688723015302251e+00
1.872800102035070324e+01 1.454191274589599203e+01 4.179887254104011518e+00
8.323608012028445913e+00 -1.315657377199795641e-02 4.171891724195962325e+00
1.039712909618337022e+01 2.090029611889179240e+00 4.174139362852782753e+00
-6.201020350702229206e-03 4.179887254104013294e+00 4.179887254104013294e+00
2.092699159060324554e+00 6.252422930846251781e+00 4.176688723015303140e+00
1.661792487366286863e+01 1.661792487366287219e+01 4.182230815146374070e+00
1.871197374157159388e+01 1.871197374157159388e+01 4.174124049900002298e+00
1.455105720804276181e+01 1.247109470833924227e+01 6.250705291660759499e+00
1.247109470833924050e+01 1.455105720804276359e+01 6.250705291660760388e+00
1.039777079729997666e+01 -1.847507576392518058e-02 6.248035951846046210e+00
8.324427242152079742e+00 2.084666170643848293e+00 6.249601674722474520e+00
2.098578674937146005e+00 1.662322132506286465e+01 6.251799527166026493e+00
7.213180861071727401e-03 1.871458681913894395e+01 6.246601921938438551e+00
1.039737275784792381e+01 1.663713382935615570e+01 6.249601674722475408e+00
8.324029202700026886e+00 1.874027507576392537e+01 6.248035951846048874e+00
1.454511127698470041e+01 1.662910084093968166e+01 6.252422930846252669e+00
1.247156092354717138e+01 1.873781487250130340e+01 6.250239076452833054e+00
2.087318851961587729e+00 1.247088928212547643e+01 6.250910717874524458e+00
-1.083232153419687836e-02 1.454659164296339569e+01 6.250787504963059682e+00
6.249037288414718283e+00 1.247276271158528438e+01 6.249037288414718283e+00
4.174135256453708642e+00 1.454766474354629224e+01 6.252088938243725025e+00
1.039743757276736069e+01 4.168399854407789817e+00 6.249286142850100312e+00
8.324055417535632273e+00 6.247755656690548776e+00 6.247755656690547887e+00
1.871458681913894040e+01 7.213180861071074278e-03 6.246601921938437663e+00
1.662322132506286465e+01 2.098578674937146005e+00 6.251799527166024717e+00
1.454659164296339391e+01 -1.083232153419733459e-02 6.250787504963058794e+00
1.247088928212547643e+01 2.087318851961587285e+00 6.250910717874523570e+00
6.250705291660760388e+00 4.170742791957238182e+00 6.250705291660759499e+00
4.170742791957238182e+00 6.250705291660759499e+00 6.250705291660760388e+00
2.092699159060324110e+00 4.176688723015302251e+00 6.252422930846251781e+00
-1.601487250130508716e-02 6.250239076452833054e+00 6.250239076452833054e+00
1.873263232153421143e+01 4.175208357036613194e+00 6.250787504963060570e+00
1.663448114803841449e+01 6.250910717874523570e+00 6.250910717874522682e+00
-7.880361551187469371e-04 2.100488135518716160e+00 6.248624231857035305e+00
2.100488135518716604e+00 -7.880361551187791379e-04 6.248624231857034417e+00
1.454766474354629224e+01 4.174135256453708642e+00 6.252088938243724137e+00
1.247276271158528438e+01 6.249037288414717395e+00 6.249037288414717395e+00
1.039818700744970315e+01 8.323612992550300405e+00 6.246408209833889558e+00
8.323612992550300405e+00 1.039818700744970315e+01 6.246408209833890446e+00
1.874027507576392537e+01 8.324029202700028662e+00 6.248035951846047098e+00
1.663713382935615215e+01 1.039737275784792558e+01 6.249601674722474520e+00
6.250910717874522682e+00 1.663448114803841449e+01 6.250910717874524458e+00
4.175208357036614082e+00 1.873263232153421143e+01 6.250787504963062347e+00
6.250239076452833054e+00 -1.601487250130564574e-02 6.250239076452832165e+00
4.176688723015303140e+00 2.092699159060324110e+00 6.252422930846251781e+00
1.455340014559221018e+01 8.324362427232641082e+00 6.249286142850099424e+00
1.247404434330945300e+01 1.039774458246437128e+01 6.247755656690546999e+00
1.873781487250130340e+01 1.247156092354717138e+01 6.250239076452832165e+00
1.662910084093968166e+01 1.454511127698470219e+01 6.252422930846251781e+00
6.247755656690547887e+00 8.324055417535632273e+00 6.247755656690548776e+00
4.168399854407789817e+00 1.039743757276736069e+01 6.249286142850101200e+00
1.039774458246437128e+01 1.247404434330945300e+01 6.247755656690547887e+00
8.324362427232639305e+00 1.455340014559221196e+01 6.249286142850100312e+00
2.084666170643849181e+00 8.324427242152077966e+00 6.249601674722476297e+00
-1.847507576392461506e-02 1.039777079729997489e+01 6.248035951846047098e+00
1.872258803615512335e+01 1.662131186448129228e+01 6.248624231857036193e+00
1.662131186448129228e+01 1.872258803615512335e+01 6.248624231857037081e+00
8.323227983104526828e+00 8.323227983104526828e+00 8.323227983104526828e+00
1.039857201689547672e+01 1.039857201689547672e+01 8.323227983104526828e+00
4.171903161320588360e+00 4.171903161320587472e+00 8.324753840383131376e+00
6.247755656690548776e+00 6.247755656690547887e+00 8.324055417535632273e+00
-1.847507576392404260e-02 1.247376404815395645e+01 8.324029202700026886e+00
2.090029611889180128e+00 1.454766063714721902e+01 8.324670903816631551e+00
8.323676149976463989e+00 -2.105470322868089120e-02 8.323676149976462213e+00
1.039788583876846850e+01 2.082023469492510159e+00 8.323914161231533271e+00
1.662340262008532932e+01 -2.383461532076362483e-03 8.323156219881960638e+00
1.872418346153208546e+01 2.098397379914678229e+00 8.323156219881964191e+00
1.247251385714989880e+01 4.168399854407789817e+00 8.324362427232639305e+00
1.455340014559221196e+01 6.249286142850100312e+00 8.324362427232639305e+00
4.168399854407789817e+00 1.247251385714989880e+01 8.324362427232641082e+00
6.249286142850099424e+00 1.455340014559221196e+01 8.324362427232641082e+00
8.323612992550300405e+00 1.247539179016611399e+01 8.323612992550300405e+00
1.039778542912248227e+01 1.455569018788183655e+01 8.324014570877521280e+00
4.171891724195962325e+00 -1.315657377199797549e-02 8.323608012028444136e+00
6.249601674722476297e+00 2.084666170643848293e+00 8.324427242152077966e+00
1.663177038811082653e+01 4.174139362852782753e+00 8.324670903816629774e+00
1.874027507576392537e+01 6.248035951846047986e+00 8.324029202700026886e+00
-2.383461532075901047e-03 1.662340262008532932e+01 8.323156219881962414e+00
2.098397379914679117e+00 1.872418346153208546e+01 8.323156219881964191e+00
1.247539179016611399e+01 8.323612992550300405e+00 8.323612992550300405e+00
1.455569018788183655e+01 1.039778542912248405e+01 8.324014570877519503e+00
-1.315657377199769620e-02 4.171891724195962325e+00 8.323608012028445913e+00
2.084666170643848737e+00 6.249601674722474520e+00 8.324427242152077966e+00
8.324014570877521280e+00 4.166109812118167000e+00 8.324014570877521280e+00
1.039818700744970315e+01 6.246408209833890446e+00 8.323612992550298628e+00
1.663977653050748273e+01 8.323914161231535047e+00 8.323914161231533271e+00
1.874285470322867653e+01 1.039812385002353956e+01 8.323676149976463989e+00
8.323914161231533271e+00 1.663977653050748273e+01 8.323914161231535047e+00
1.039812385002353778e+01 1.874285470322867653e+01 8.323676149976465766e+00
4.166109812118167000e+00 8.324014570877521280e+00 8.324014570877521280e+00
6.246408209833890446e+00 1.039818700744970315e+01 8.323612992550300405e+00
1.247404434330945300e+01 1.247404434330945300e+01 8.324055417535632273e+00
1.454989683867941608e+01 1.454989683867941785e+01 8.324753840383131376e+00
4.174139362852782753e+00 1.663177038811082653e+01 8.324670903816631551e+00
6.248035951846047098e+00 1.874027507576392892e+01 8.324029202700028662e+00
1.663713382935615570e+01 1.247219832527752992e+01 8.324427242152079742e+00
1.873495657377199564e+01 1.454990827580404300e+01 8.323608012028445913e+00
-2.105470322868029098e-02 8.323676149976462213e+00 8.323676149976463989e+00
2.082023469492510603e+00 1.039788583876846850e+01 8.323914161231535047e+00
2.095927418216538829e+00 2.095927418216538829e+00 8.323872724262537659e+00
6.041562718262650199e-03 6.041562718261484465e-03 8.322453271351655246e+00
1.247376404815395645e+01 -1.847507576392444506e-02 8.324029202700026886e+00
1.454766063714721902e+01 2.090029611889179240e+00 8.324670903816629774e+00
1.247219832527752814e+01 1.663713382935615570e+01 8.324427242152079742e+00
1.454990827580404300e+01 1.873495657377199564e+01 8.323608012028445913e+00
1.662587258178346872e+01 1.662587258178346872e+01 8.323872724262539435e+00
1.871575843728174959e+01 1.871575843728174959e+01 8.322453271351658799e+00
1.871575843728174604e+01 6.041562718261044712e-03 1.039934672864834653e+01
1.662587258178346517e+01 2.095927418216537941e+00 1.039792727573746411e+01
-2.383461532076427535e-03 2.098397379914677341e+00 1.039864378011804114e+01
2.098397379914678673e+00 -2.383461532077262805e-03 1.039864378011804114e+01
1.039788583876846850e+01 1.663977653050748273e+01 1.039788583876847028e+01
8.323676149976463989e+00 1.874285470322867653e+01 1.039812385002353956e+01
1.455569018788183655e+01 8.324014570877521280e+00 1.039778542912248227e+01
1.247539179016611399e+01 1.039818700744970492e+01 1.039818700744970315e+01
6.247755656690547887e+00 1.247404434330945122e+01 1.039774458246437128e+01
4.171903161320589248e+00 1.454989683867941608e+01 1.039704615961687040e+01
2.084666170643849181e+00 1.247219832527752637e+01 1.039737275784792381e+01
-1.315657377199794080e-02 1.454990827580404300e+01 1.039819198797155764e+01
1.873495657377199564e+01 4.171891724195962325e+00 1.039819198797155764e+01
1.663713382935615215e+01 6.249601674722475408e+00 1.039737275784792381e+01
1.039857201689547672e+01 8.323227983104526828e+00 1.039857201689547672e+01
8.323227983104526828e+00 1.039857201689547495e+01 1.039857201689547672e+01
1.039812385002353956e+01 -2.105470322868045058e-02 1.039812385002353956e+01
8.323914161231535047e+00 2.082023469492510159e+00 1.039788583876846850e+01
2.082023469492510603e+00 8.323914161231533271e+00 1.039788583876846850e+01
-2.105470322867997873e-02 1.039812385002353778e+01 1.039812385002353956e+01
1.455340014559221196e+01 1.247251385714990235e+01 1.039743757276736247e+01
1.247251385714990235e+01 1.455340014559221196e+01 1.039743757276736247e+01
1.454990827580404300e+01 -1.315657377199835887e-02 1.039819198797155586e+01
1.247219832527752637e+01 2.084666170643848737e+00 1.039737275784792203e+01
1.874285470322867653e+01 8.323676149976465766e+00 1.039812385002353778e+01
1.663977653050748629e+01 1.039788583876847028e+01 1.039788583876846850e+01
6.246408209833890446e+00 8.323612992550298628e+00 1.039818700744970315e+01
4.166109812118167000e+00 1.039778542912248049e+01 1.039778542912248227e+01
2.095927418216538385e+00 1.662587258178346517e+01 1.039792727573746411e+01
6.041562718262228661e-03 1.871575843728174604e+01 1.039934672864834653e+01
6.249286142850101200e+00 4.168399854407789817e+00 1.039743757276736069e+01
4.168399854407789817e+00 6.249286142850100312e+00 1.039743757276736069e+01
1.039818700744970315e+01 1.247539179016611399e+01 1.039818700744970315e+01
8.324014570877519503e+00 1.455569018788183477e+01 1.039778542912248405e+01
1.454766063714722257e+01 1.663177038811082653e+01 1.039712909618337378e+01
1.247376404815395468e+01 1.874027507576392537e+01 1.039777079729997489e+01
1.874027507576392892e+01 1.247376404815395468e+01 1.039777079729997489e+01
1.663177038811082653e+01 1.454766063714722080e+01 1.039712909618337378e+01
6.249601674722474520e+00 1.663713382935615570e+01 1.039737275784792558e+01
4.171891724195962325e+00 1.873495657377199564e+01 1.039819198797155764e+01
1.454989683867941608e+01 4.171903161320588360e+00 1.039704615961686862e+01
1.247404434330945300e+01 6.247755656690547887e+00 1.039774458246436950e+01
1.039778542912248227e+01 4.166109812118166111e+00 1.039778542912248049e+01
8.323612992550300405e+00 6.246408209833889558e+00 1.039818700744970315e+01
6.248035951846047986e+00 -1.847507576392504181e-02 1.039777079729997489e+01
4.174139362852784529e+00 2.090029611889179240e+00 1.039712909618336845e+01
2.090029611889179684e+00 4.174139362852782753e+00 1.039712909618337022e+01
-1.847507576392476772e-02 6.248035951846046210e+00 1.039777079729997489e+01
1.872418346153208546e+01 1.662340262008532932e+01 1.039864378011804114e+01
1.662340262008532932e+01 1.872418346153208546e+01 1.039864378011804114e+01
1.247156092354716961e+01 -1.601487250130496226e-02 1.247156092354716961e+01
1.454511127698469863e+01 2.092699159060323666e+00 1.246937706915374733e+01
8.324362427232641082e+00 4.168399854407788929e+00 1.247251385714989880e+01
1.039774458246437128e+01 6.247755656690547887e+00 1.247404434330945122e+01
8.324055417535632273e+00 1.247404434330945122e+01 1.247404434330945300e+01
1.039743757276736069e+01 1.455340014559221196e+01 1.247251385714990235e+01
1.662910084093967811e+01 4.176688723015302251e+00 1.246937706915374910e+01
1.873781487250130340e+01 6.250239076452833054e+00 1.247156092354716961e+01
1.247276271158528616e+01 1.247276271158528616e+01 1.247276271158528616e+01
1.454766474354629402e+01 1.454766474354629402e+01 1.246971106175628030e+01
4.170742791957238182e+00 1.247109470833924050e+01 1.247109470833924050e+01
6.250705291660759499e+00 1.455105720804276181e+01 1.247109470833924227e+01
4.175208357036614082e+00 -1.083232153419829043e-02 1.247101249503694298e+01
6.250910717874524458e+00 2.087318851961587729e+00 1.247088928212547643e+01
4.168399854407789817e+00 8.324362427232639305e+00 1.247251385714990057e+01
6.247755656690547887e+00 1.039774458246436950e+01 1.247404434330945300e+01
4.174135256453709530e+00 4.174135256453708642e+00 1.246971106175627853e+01
6.249037288414718283e+00 6.249037288414717395e+00 1.247276271158528438e+01
1.247109470833924050e+01 4.170742791957238182e+00 1.247109470833924050e+01
1.455105720804276359e+01 6.250705291660759499e+00 1.247109470833924050e+01
1.663713382935615570e+01 8.324427242152079742e+00 1.247219832527752814e+01
1.874027507576392892e+01 1.039777079729997489e+01 1.247376404815395468e+01
8.324029202700026886e+00 -1.847507576392421955e-02 1.247376404815395645e+01
1.039737275784792381e+01 2.084666170643848737e+00 1.247219832527752637e+01
1.247088928212547820e+01 1.663448114803841449e+01 1.247088928212547820e+01
1.454659164296339391e+01 1.873263232153420788e+01 1.247101249503694298e+01
-1.601487250130488940e-02 1.247156092354716783e+01 1.247156092354716783e+01
2.092699159060323666e+00 1.454511127698469863e+01 1.246937706915374910e+01
8.324427242152077966e+00 1.663713382935615570e+01 1.247219832527752814e+01
1.039777079729997489e+01 1.874027507576392892e+01 1.247376404815395468e+01
8.323612992550300405e+00 8.323612992550298628e+00 1.247539179016611399e+01
1.039818700744970492e+01 1.039818700744970315e+01 1.247539179016611399e+01
2.098578674937146449e+00 2.098578674937145117e+00 1.247000047283397883e+01
7.213180861071513163e-03 7.213180861070046454e-03 1.247519807806156678e+01
1.663448114803841804e+01 1.247088928212547820e+01 1.247088928212547820e+01
1.873263232153421143e+01 1.454659164296339213e+01 1.247101249503694298e+01
-1.083232153419784287e-02 4.175208357036612306e+00 1.247101249503694298e+01
2.087318851961587729e+00 6.250910717874523570e+00 1.247088928212547643e+01
1.247404434330945300e+01 8.324055417535632273e+00 1.247404434330945122e+01
1.455340014559221196e+01 1.039743757276736247e+01 1.247251385714990235e+01
1.662131186448128872e+01 -7.880361551187655854e-04 1.247317576814296558e+01
1.872258803615512335e+01 2.100488135518715715e+00 1.247317576814296736e+01
4.176688723015302251e+00 1.662910084093967811e+01 1.246937706915375088e+01
6.250239076452832165e+00 1.873781487250130695e+01 1.247156092354717138e+01
-7.880361551186043645e-04 1.662131186448128872e+01 1.247317576814296736e+01
2.100488135518716160e+00 1.872258803615511980e+01 1.247317576814296913e+01
-1.847507576392401138e-02 8.324029202700026886e+00 1.247376404815395645e+01
2.084666170643849181e+00 1.039737275784792381e+01 1.247219832527752637e+01
1.662322132506286465e+01 1.662322132506286465e+01 1.247000047283397883e+01
1.871458681913894395e+01 1.871458681913894040e+01 1.247519807806156678e+01
1.872800102035070324e+01 4.179887254104011518e+00 1.454191274589598848e+01
1.662910084093968166e+01 6.252422930846250893e+00 1.454511127698470041e+01
1.454407293382068289e+01 4.177727066179320659e+00 1.454407293382068289e+01
1.247109470833924050e+01 6.250705291660759499e+00 1.455105720804276181e+01
1.039712909618337378e+01 1.663177038811082653e+01 1.454766063714722080e+01
8.323608012028447689e+00 1.873495657377199564e+01 1.454990827580404300e+01
6.250705291660759499e+00 1.247109470833924050e+01 1.455105720804276359e+01
4.177727066179319770e+00 1.454407293382068289e+01 1.454407293382068289e+01
6.249286142850100312e+00 8.324362427232639305e+00 1.455340014559221196e+01
4.171903161320588360e+00 1.039704615961686862e+01 1.454989683867941608e+01
2.097891462864271972e+00 4.179698964791426441e+00 1.454210103520858155e+01
-1.083232153419699285e-02 6.250787504963058794e+00 1.454659164296339391e+01
1.454210103520857977e+01 1.662390853713573691e+01 1.454210103520857977e+01
1.247101249503694298e+01 1.873263232153420788e+01 1.454659164296339213e+01
1.039704615961687040e+01 4.171903161320588360e+00 1.454989683867941608e+01
8.324362427232641082e+00 6.249286142850099424e+00 1.455340014559221196e+01
1.873495657377199564e+01 8.323608012028445913e+00 1.454990827580404122e+01
1.663177038811082653e+01 1.039712909618337378e+01 1.454766063714722080e+01
2.103875126337125590e+00 1.661792487366286863e+01 1.453956918485362770e+01
9.826258428400010819e-03 1.871197374157159388e+01 1.454767595010000036e+01
2.092699159060323666e+00 1.246937706915374733e+01 1.454511127698469863e+01
-6.201020350703871989e-03 1.454191274589598493e+01 1.454191274589598670e+01
1.454989683867941608e+01 8.324753840383131376e+00 1.454989683867941608e+01
1.247251385714990235e+01 1.039743757276736069e+01 1.455340014559221196e+01
1.039743757276736247e+01 1.247251385714990057e+01 1.455340014559221373e+01
8.324753840383131376e+00 1.454989683867941608e+01 1.454989683867941785e+01
1.454191274589598848e+01 -6.201020350703396675e-03 1.454191274589598670e+01
1.246937706915374910e+01 2.092699159060324110e+00 1.454511127698469863e+01
3.746838405915323220e-03 2.106867176182649182e+00 1.454199471826240320e+01
2.106867176182650514e+00 3.746838405914327055e-03 1.454199471826240320e+01
1.871197374157159388e+01 9.826258428400236333e-03 1.454767595009999681e+01
1.661792487366286863e+01 2.103875126337126922e+00 1.453956918485362593e+01
1.873263232153421143e+01 1.247101249503694298e+01 1.454659164296339213e+01
1.662390853713573691e+01 1.454210103520857977e+01 1.454210103520857977e+01
1.039819198797155586e+01 -1.315657377199798070e-02 1.454990827580404300e+01
8.324670903816631551e+00 2.090029611889179240e+00 1.454766063714721902e+01
6.250787504963059682e+00 -1.083232153419733286e-02 1.454659164296339391e+01
4.179698964791427329e+00 2.097891462864271528e+00 1.454210103520858155e+01
2.090029611889179240e+00 8.324670903816629774e+00 1.454766063714721902e+01
-1.315657377199836060e-02 1.039819198797155586e+01 1.454990827580404300e+01
6.252422930846252669e+00 1.662910084093968166e+01 1.454511127698470041e+01
4.179887254104012406e+00 1.872800102035070324e+01 1.454191274589599203e+01
1.454766474354629402e+01 1.246971106175628030e+01 1.454766474354629224e+01
1.246971106175628030e+01 1.454766474354629402e+01 1.454766474354629402e+01
1.039778542912248405e+01 8.324014570877521280e+00 1.455569018788183655e+01
8.324014570877521280e+00 1.039778542912248227e+01 1.455569018788183655e+01
6.252088938243725025e+00 4.174135256453708642e+00 1.454766474354629224e+01
4.174135256453708642e+00 6.252088938243724137e+00 1.454766474354629224e+01
1.871805316159408861e+01 1.661493282381735881e+01 1.454199471826240497e+01
1.661493282381736236e+01 1.871805316159408861e+01 1.454199471826240320e+01
4.176688723015301363e+00 1.246937706915374910e+01 1.662910084093967811e+01
6.252422930846251781e+00 1.454511127698470041e+01 1.662910084093968166e+01
1.247000047283397883e+01 1.662322132506286465e+01 1.662322132506286465e+01
1.454199471826240497e+01 1.871805316159408861e+01 1.661493282381735881e+01
1.247317576814296736e+01 -7.880361551189945689e-04 1.662131186448128872e+01
1.453956918485362770e+01 2.103875126337126034e+00 1.661792487366286863e+01
1.247219832527752814e+01 8.324427242152077966e+00 1.663713382935615570e+01
1.454766063714722080e+01 1.039712909618337378e+01 1.663177038811082298e+01
2.108535506472318133e+00 2.108535506472317245e+00 1.661326449352769075e+01
2.011930857096690464e-02 2.011930857096618647e-02 1.660722024185293577e+01
3.746838405914676168e-03 4.179805281737601241e+00 1.661493282381736236e+01
2.098578674937146005e+00 6.251799527166024717e+00 1.662322132506286465e+01
1.662587258178346872e+01 8.323872724262537659e+00 1.662587258178346517e+01
1.872418346153208546e+01 1.039864378011804114e+01 1.662340262008532576e+01
8.323914161231535047e+00 8.323914161231533271e+00 1.663977653050748273e+01
1.039788583876847028e+01 1.039788583876846850e+01 1.663977653050748629e+01
4.179805281737603018e+00 3.746838405913971437e-03 1.661493282381736236e+01
6.251799527166025605e+00 2.098578674937145561e+00 1.662322132506286465e+01
-7.880361551192055546e-04 1.247317576814296558e+01 1.662131186448128872e+01
2.103875126337126034e+00 1.453956918485362593e+01 1.661792487366286863e+01
1.392929989968169462e-02 1.660735581176712472e+01 1.660735581176712827e+01
2.114444188232875721e+00 1.870787070010031883e+01 1.660735581176712827e+01
1.660735581176712827e+01 1.392929989968227401e-02 1.660735581176712472e+01
1.870787070010031883e+01 2.114444188232875277e+00 1.660735581176712827e+01
8.323872724262539435e+00 1.662587258178346872e+01 1.662587258178346872e+01
1.039864378011804114e+01 1.872418346153208546e+01 1.662340262008532932e+01
8.324670903816631551e+00 4.174139362852782753e+00 1.663177038811082653e+01
1.039737275784792558e+01 6.249601674722474520e+00 1.663713382935615570e+01
1.247088928212547820e+01 1.247088928212547820e+01 1.663448114803841449e+01
1.454210103520857977e+01 1.454210103520857977e+01 1.662390853713573691e+01
1.662322132506286465e+01 1.247000047283397883e+01 1.662322132506286465e+01
1.871805316159408861e+01 1.454199471826240320e+01 1.661493282381736236e+01
1.246937706915375088e+01 4.176688723015301363e+00 1.662910084093967811e+01
1.454511127698470041e+01 6.252422930846251781e+00 1.662910084093967811e+01
4.179698964791427329e+00 4.179698964791426441e+00 1.662390853713573691e+01
6.250910717874523570e+00 6.250910717874522682e+00 1.663448114803841449e+01
-2.383461532076132199e-03 8.323156219881960638e+00 1.662340262008532932e+01
2.095927418216537497e+00 1.039792727573746411e+01 1.662587258178346517e+01
8.323156219881960638e+00 -2.383461532076421030e-03 1.662340262008532932e+01
1.039792727573746411e+01 2.095927418216538385e+00 1.662587258178346517e+01
4.174139362852782753e+00 8.324670903816629774e+00 1.663177038811082653e+01
6.249601674722475408e+00 1.039737275784792381e+01 1.663713382935615215e+01
1.661792487366286863e+01 4.182230815146373182e+00 1.661792487366286863e+01
1.872258803615512335e+01 6.248624231857036193e+00 1.662131186448128872e+01
8.324427242152079742e+00 1.247219832527752814e+01 1.663713382935615570e+01
1.039712909618337378e+01 1.454766063714722080e+01 1.663177038811082653e+01
4.182230815146373182e+00 1.661792487366286863e+01 1.661792487366286863e+01
6.248624231857037081e+00 1.872258803615511980e+01 1.662131186448129228e+01
1.661326449352769075e+01 1.661326449352769075e+01 1.661326449352769075e+01
1.870168069142904699e+01 1.870168069142904343e+01 1.660722024185293932e+01
1.039864378011804291e+01 1.662340262008532932e+01 1.872418346153208546e+01
8.322453271351658799e+00 1.871575843728174604e+01 1.871575843728174959e+01
6.248624231857036193e+00 1.662131186448128872e+01 1.872258803615512335e+01
4.174124049900004074e+00 1.871197374157159032e+01 1.871197374157159388e+01
2.114444188232875277e+00 1.660735581176712827e+01 1.870787070010031883e+01
3.466126425897758656e-02 1.868713873574101925e+01 1.868713873574101925e+01
2.114579758147068667e+00 2.011930857096520808e-02 1.870168069142904699e+01
2.011930857096571115e-02 2.114579758147067778e+00 1.870168069142904699e+01
1.871575843728174959e+01 8.322453271351657023e+00 1.871575843728174604e+01
1.662340262008532932e+01 1.039864378011803936e+01 1.872418346153208191e+01
1.454191274589599026e+01 4.179887254104011518e+00 1.872800102035070324e+01
1.247156092354717138e+01 6.250239076452832165e+00 1.873781487250130340e+01
2.098397379914679117e+00 8.323156219881964191e+00 1.872418346153208546e+01
6.041562718261206041e-03 1.039934672864834475e+01 1.871575843728174604e+01
1.868713873574101925e+01 3.466126425897825963e-02 1.868713873574101925e+01
1.660735581176712827e+01 2.114444188232875277e+00 1.870787070010031883e+01
1.454659164296339391e+01 1.247101249503694120e+01 1.873263232153420788e+01
1.247101249503694476e+01 1.454659164296339213e+01 1.873263232153420788e+01
1.039777079729997666e+01 1.247376404815395468e+01 1.874027507576392892e+01
8.323608012028447689e+00 1.454990827580404300e+01 1.873495657377199564e+01
6.250787504963061458e+00 4.175208357036613194e+00 1.873263232153421143e+01
4.175208357036614082e+00 6.250787504963060570e+00 1.873263232153421143e+01
2.100488135518715715e+00 1.247317576814296736e+01 1.872258803615512335e+01
9.826258428399532036e-03 1.454767595009999681e+01 1.871197374157159388e+01
2.106867176182648738e+00 4.179805281737602130e+00 1.871805316159409216e+01
7.213180861072096897e-03 6.246601921938437663e+00 1.871458681913894395e+01
1.039812385002353956e+01 8.323676149976463989e+00 1.874285470322867653e+01
8.323676149976463989e+00 1.039812385002353778e+01 1.874285470322867653e+01
1.871458681913894040e+01 1.247519807806156500e+01 1.871458681913894040e+01
1.661493282381736236e+01 1.454199471826240320e+01 1.871805316159408861e+01
1.454767595009999859e+01 9.826258428398237932e-03 1.871197374157159032e+01
1.247317576814296913e+01 2.100488135518714827e+00 1.872258803615511980e+01
6.248035951846048874e+00 8.324029202700026886e+00 1.874027507576392537e+01
4.171891724195963214e+00 1.039819198797155764e+01 1.873495657377199564e+01
6.246601921938438551e+00 7.213180861071631124e-03 1.871458681913894395e+01
4.179805281737603018e+00 2.106867176182648294e+00 1.871805316159409216e+01
1.871197374157159388e+01 4.174124049900003186e+00 1.871197374157159032e+01
1.662131186448129228e+01 6.248624231857036193e+00 1.872258803615511980e+01
1.454990827580404478e+01 8.323608012028445913e+00 1.873495657377199564e+01
1.247376404815395645e+01 1.039777079729997489e+01 1.874027507576392892e+01
1.454199471826240497e+01 1.661493282381736236e+01 1.871805316159408861e+01
1.247519807806156855e+01 1.871458681913894395e+01 1.871458681913894040e+01
1.039819198797155941e+01 4.171891724195961437e+00 1.873495657377199564e+01
8.324029202700028662e+00 6.248035951846047098e+00 1.874027507576392537e+01
6.250239076452833054e+00 1.247156092354716961e+01 1.873781487250130340e+01
4.179887254104011518e+00 1.454191274589599026e+01 1.872800102035070324e+01
1.039934672864834830e+01 6.041562718260055920e-03 1.871575843728174249e+01
8.323156219881964191e+00 2.098397379914678229e+00 1.872418346153208546e+01
1.870168069142904343e+01 1.660722024185293932e+01 1.870168069142904699e+01
1.660722024185293932e+01 1.870168069142904699e+01 1.870168069142904343e+01
