257

2.108924626485694009e+00 2.108924626293283033e+00 7.611228266748676363e-03
2.920772681421825515e-02 2.920772645401186612e-02 2.773053995612147216e-02
4.764532903383159219e-03 4.169498992538149373e+00 4.111486792036628257e-03
2.095954762805180671e+00 6.243877008058732692e+00 -5.908363559734607431e-03
2.723225096894092701e-03 8.318412225809561633e+00 2.455103821606349941e-03
2.101398569548176720e+00 1.038673690144480766e+01 -1.953830556273930714e-03
1.472415870596549547e-02 1.245210765711138912e+01 1.424315587892855881e-02
2.109292343006577752e+00 1.454667584138815073e+01 1.424315588360399766e-02
4.169498992724633979e+00 4.764532741800803217e-03 4.111486787386109572e-03
6.243877008137091345e+00 2.095954762708790220e+00 -5.908363538968204945e-03
4.174354005837844994e+00 4.174354005743924567e+00 -1.203484855348988490e-02
6.244613442188778230e+00 6.244613442136246029e+00 -1.978168717696662457e-02
4.170523487431616161e+00 8.316247595634875367e+00 -1.579239105608239505e-02
6.245152404348266906e+00 1.039087651258988032e+01 -1.579239111985362293e-02
4.174663098579999065e+00 1.246000143050548736e+01 -1.953830592651621938e-03
6.242987774179408866e+00 1.455867677495668921e+01 2.455103684060186246e-03
8.318412225832695128e+00 2.723224993477265949e-03 2.455103874754387995e-03
1.038673690142111106e+01 2.101398569444700826e+00 -1.953830432383866274e-03
8.316247595672189519e+00 4.170523487367682414e+00 -1.579239101822189212e-02
1.039087651260683565e+01 6.245152404301847149e+00 -1.579239105166024143e-02
8.316786557845977867e+00 8.316786557805381008e+00 -1.978168722992011686e-02
1.038704599424012720e+01 1.038704599422005614e+01 -1.203484868862840333e-02
8.317522991912877472e+00 1.246544523727173370e+01 -5.908363706688488787e-03
1.039190100737798161e+01 1.455663546717723200e+01 4.111486664910042090e-03
1.245210765696170441e+01 1.472415849910535188e-02 1.424315612592019428e-02
1.454667584125936308e+01 2.109292342793621877e+00 1.424315606927759222e-02
1.246000143046664910e+01 4.174663098494791669e+00 -1.953830463299097587e-03
1.455867677492826928e+01 6.242987774141990798e+00 2.455103866216294152e-03
1.246544523727254372e+01 8.317522991889054751e+00 -5.908363609632734728e-03
1.455663546718695223e+01 1.039190100736963274e+01 4.111486793112878457e-03
1.245247537362055290e+01 1.245247537361656143e+01 7.611228187151580088e-03
1.453219227331503127e+01 1.453219227333196173e+01 2.773053991901604926e-02
8.111519823005152938e-03 2.108482161920234965e+00 2.107900261005531739e+00
2.108482162194077247e+00 8.111519613238474952e-03 2.107900261087758853e+00
1.038673925487198169e+01 -2.027176250887764881e-03 2.100957505896378308e+00
8.315486274231238539e+00 2.093522587191550155e+00 2.093543650532242673e+00
6.243559894481960804e+00 -5.964228326520841852e-03 2.095490903321520104e+00
4.176309875740264133e+00 2.097983321200989071e+00 2.097726651223629446e+00
1.038770075521332537e+01 4.173699244787381524e+00 2.092097045533865440e+00
8.316812734097888793e+00 6.244587265942953103e+00 2.084084192896129117e+00
2.093522587264249335e+00 8.315486274278507395e+00 2.093543650405811363e+00
-2.027176137149340387e-03 1.038673925503027107e+01 2.100957505665222769e+00
1.038988765448455354e+01 8.315901658394025731e+00 2.088042529562008642e+00
8.315901658386994910e+00 1.038988765451976981e+01 2.088042529508439049e+00
6.245498341702774070e+00 4.171512345538577193e+00 2.088042529742943909e+00
4.171512345609609262e+00 6.245498341658940689e+00 2.088042529717777818e+00
1.038509012431348211e+01 1.246341667875560866e+01 2.097726651099744988e+00
8.317840105572081200e+00 1.456736422826958588e+01 2.095490903220238454e+00
2.097983321331447826e+00 4.176309875609511835e+00 2.097726651172128420e+00
-5.964228240205755698e-03 6.243559894432368473e+00 2.095490903171338903e+00
1.454692074881733177e+01 1.447925100360899532e-02 2.108435947390843612e+00
1.245865909393704385e+01 2.102740905981237418e+00 2.102497612456407428e+00
6.244587265981007995e+00 8.316812734099711335e+00 2.084084192856117124e+00
4.173699244854308432e+00 1.038770075528579895e+01 2.092097045424694102e+00
1.456342717615761728e+01 4.174660745072148238e+00 2.100957505806441361e+00
1.246787741278942541e+01 6.245913725800868121e+00 2.093543650437123649e+00
2.102740906110234675e+00 1.245865909406095184e+01 2.102497612316394093e+00
1.447925119467006333e-02 1.454692074896795440e+01 2.108435947173934899e+00
1.456736422820465116e+01 8.317840105602490652e+00 2.095490903321886034e+00
1.246341667868669134e+01 1.038509012437303980e+01 2.097726651140024323e+00
6.245913725833264429e+00 1.246787741286157214e+01 2.093543650349992902e+00
4.174660745181100197e+00 1.456342717624879235e+01 2.100957505764284416e+00
1.455328848013649434e+01 1.245291783792876217e+01 2.107900261161785860e+00
1.245291783780842287e+01 1.455328848022507060e+01 2.107900261130744468e+00
8.317148469619935369e+00 8.317148469700311963e+00 4.166420564827109985e+00
1.038998414007049576e+01 1.038998414016807459e+01 4.171131879888172911e+00
-1.232821146847533703e-02 4.173413807421030519e+00 4.173619296358403119e+00
2.087658550609427621e+00 6.245202750827483662e+00 4.171109089580021134e+00
4.173674589807593982e+00 1.246967867625873083e+01 4.173282393188843642e+00
6.245524632525292219e+00 1.457782967809749586e+01 4.169938717508721915e+00
8.316197249325549379e+00 1.247374144919020900e+01 4.171109089847573337e+00
1.038798619238476562e+01 1.457372821108787342e+01 4.173619296844512938e+00
-2.306824495003304259e-03 1.246028306530775254e+01 4.173751732956767491e+00
2.101116934884991849e+00 1.456370682455359322e+01 4.173751733101749295e+00
4.171415859909653356e+00 4.171415859867023457e+00 4.171131879868486436e+00
6.244251530671088624e+00 6.244251530650208437e+00 4.166420565002111331e+00
1.246028306520971363e+01 -2.306824549147244025e-03 4.173751733181576995e+00
1.456370682452762821e+01 2.101116934844160955e+00 4.173751733090039551e+00
8.315875367666874851e+00 -1.642967833707354233e-02 4.169938717384163773e+00
1.038772541040166608e+01 2.091721323803466870e+00 4.173282393228774367e+00
-1.642967830118204076e-02 8.315875367769988813e+00 4.169938717107286585e+00
2.091721323836580826e+00 1.038772541046355968e+01 4.173282393084251751e+00
1.246967867624187321e+01 4.173674589777712995e+00 4.173282393211605878e+00
1.457782967808241459e+01 6.245524632490519146e+00 4.169938717444232168e+00
2.097779592709057894e+00 2.097779592652622593e+00 4.175881944900259768e+00
4.814390171038115951e-03 4.814390022851691014e-03 4.169282745879526964e+00
8.316515594560627278e+00 4.168853837964457298e+00 4.168748995791721867e+00
1.039254616218597960e+01 6.244884405711667696e+00 4.168748995626108567e+00
1.247374144916604166e+01 8.316197249365028910e+00 4.171109089801157133e+00
1.457372821102823046e+01 1.038798619253365807e+01 4.173619296796567291e+00
4.168853838000763368e+00 8.316515594650789822e+00 4.168748995598567042e+00
6.244884405732966215e+00 1.039254616226317829e+01 4.168748995629822041e+00
4.173413807457037272e+00 -1.232821147624104871e-02 4.173619296644577759e+00
6.245202750787612445e+00 2.087658550616315445e+00 4.171109089841763762e+00
1.246362040703271923e+01 1.246362040715692032e+01 4.175881945167030374e+00
1.455658560966642945e+01 1.455658560984127448e+01 4.169282746012552110e+00
6.243403862992425779e+00 8.317996137672665213e+00 6.242326455412150032e+00
4.168665759637177892e+00 1.039273424043385674e+01 6.243766728727989879e+00
2.087655986478562209e+00 4.171008097146977178e+00 6.244670877540197118e+00
-2.070482159029324309e-02 6.243342438555545826e+00 6.243880128454324385e+00
-5.492321759310662618e-03 2.095513519355673537e+00 6.244540934386610509e+00
2.095513519096392940e+00 -5.492321578056489489e-03 6.244540934607591964e+00
1.455944249416917202e+01 1.957506092869304177e-03 6.241415584767903368e+00
1.246835426609838393e+01 2.093045734035332117e+00 6.244659329796418135e+00
1.039273424062237439e+01 4.168665759905914925e+00 6.243766728831777968e+00
8.317996137665245371e+00 6.243403863038922808e+00 6.242326455438018229e+00
6.244158289135608442e+00 4.166447160164943320e+00 6.243095327443438869e+00
4.166447160018548423e+00 6.244158289326332323e+00 6.243095327140127715e+00
6.244850584513354619e+00 1.247825428375894496e+01 6.243572794898137879e+00
4.170538767115045786e+00 1.457823760064508356e+01 6.244130683264513593e+00
1.457823760074734487e+01 4.170538767180744344e+00 6.244130683177271379e+00
1.247825428375420564e+01 6.244850584684427552e+00 6.243572794963156092e+00
2.083145715889811012e+00 8.316549415765171815e+00 6.243572794426485828e+00
-1.683760099380530659e-02 1.039086123307549592e+01 6.244130682968199508e+00
1.039495283990279972e+01 8.317241711123680048e+00 6.243095327836865494e+00
8.317241711172856711e+00 1.039495283983626983e+01 6.243095328270690914e+00
6.243342438420440565e+00 -2.070482173758473113e-02 6.243880128689061060e+00
4.171008096881380744e+00 2.087655986664588958e+00 6.244670877715088331e+00
1.458210482083993931e+01 8.318057561643348308e+00 6.243880128999290235e+00
1.247374401294494284e+01 1.039039190280626990e+01 6.244670878299037220e+00
2.093045733973723177e+00 1.246835426598041785e+01 6.244659329751264920e+00
1.957506000302525716e-03 1.455944249391857959e+01 6.241415584823922558e+00
1.039086123309825460e+01 -1.683760095507644619e-02 6.244130683198668486e+00
8.316549415822780844e+00 2.083145715856590918e+00 6.243572794542450843e+00
1.039039190286272607e+01 1.247374401282985623e+01 6.244670878388147273e+00
8.318057561588677373e+00 1.458210482094946059e+01 6.243880129041770921e+00
1.456689232131833833e+01 1.246588648061344884e+01 6.244540934594422943e+00
1.246588648049223558e+01 1.456689232136138834e+01 6.244540934666434673e+00
1.246618827658477180e+01 -6.866874180137204874e-03 8.315911836738312246e+00
1.456826687425385458e+01 2.095211723758047651e+00 8.315911836709892313e+00
4.165988016173230335e+00 8.317335346081662806e+00 8.314572812048792727e+00
6.244064652697258744e+00 1.039541198337960104e+01 8.314572811636113059e+00
-6.866874258315402296e-03 1.246618827619636072e+01 8.315911836843607574e+00
2.095211723533172421e+00 1.456826687400501008e+01 8.315911836735338625e+00
8.317956586791559914e+00 8.317956585658809132e+00 8.315276540527943183e+00
1.039265078689160227e+01 1.039265078564253031e+01 8.314356913222104239e+00
8.315667100588289173e+00 -2.113218628713529890e-02 8.315719775661250424e+00
1.039020873169581272e+01 2.086805539717189628e+00 8.313792260238960452e+00
1.247459446009757400e+01 4.171191268584408363e+00 8.313792260420020952e+00
1.458253218598080103e+01 6.245732899631418533e+00 8.315719775588783946e+00
4.168749213955759814e+00 4.168749214379426249e+00 8.314356912562564261e+00
6.243443413137382159e+00 6.243443413420727062e+00 8.315276540243241143e+00
4.169567928689358105e+00 -1.490901818993767627e-02 8.317582103721999687e+00
6.243876120905329508e+00 2.083362458313533949e+00 8.314995307427317073e+00
-1.490901818673101217e-02 4.169567929194273326e+00 8.317582103626691037e+00
2.083362458381802451e+00 6.243876121093522080e+00 8.314995307681664727e+00
8.317523879026897049e+00 1.247803754246783470e+01 8.314995307590871576e+00
1.039183207113551966e+01 1.457630901822176916e+01 8.317582103802957150e+00
1.247803754150437072e+01 8.317523879001061715e+00 8.314995308693774234e+00
1.457630901818419034e+01 1.039183207100340312e+01 8.317582103678079264e+00
4.171191268316376544e+00 1.247459446006013373e+01 8.313792260427032232e+00
6.245732899375833647e+00 1.458253218599745260e+01 8.315719775713928286e+00
8.317335346339239877e+00 4.165988016462529586e+00 8.314572811707465760e+00
1.039541198369752806e+01 6.244064653927385855e+00 8.314572812811910296e+00
-2.113218616510787601e-02 8.315667100491381802e+00 8.315719775491340116e+00
2.086805539683228794e+00 1.039020873143670975e+01 8.313792260219864616e+00
2.094476604208426629e+00 2.094476604645704398e+00 8.316891107966489116e+00
4.922873582545166105e-03 4.922874330693415186e-03 8.322844028976520647e+00
1.246692339556864582e+01 1.246692339546978801e+01 8.316891108320502823e+00
1.455647712600418942e+01 1.455647712596263155e+01 8.322844028755927326e+00
6.245876248579886436e+00 1.247459714767663641e+01 1.038668870161332869e+01
4.174451253666855877e+00 1.457440262728036728e+01 1.038533716368985438e+01
6.243885152633861679e+00 -1.362040637688351034e-02 1.039221302942673653e+01
4.174819318956221714e+00 2.094703049978747345e+00 1.038958557087488899e+01
6.243480063950051395e+00 8.317919934554875994e+00 1.038976712432070748e+01
4.170198680942117875e+00 1.039120131847067263e+01 1.038544241737807639e+01
1.457440262734725067e+01 4.174451254005393963e+00 1.038533716368498894e+01
1.247459714774488582e+01 6.245876248639127049e+00 1.038668870192646665e+01
1.039120131841113270e+01 4.170198680877815534e+00 1.038544241727145412e+01
8.317919934607985510e+00 6.243480063948247505e+00 1.038976712431060356e+01
1.038658068124732381e+01 1.246669695107038933e+01 1.038958557119015147e+01
8.317514847089373831e+00 1.457502040767854545e+01 1.039221302936627822e+01
6.244421675247937564e+00 4.168136852673946180e+00 1.038777020430485543e+01
4.168136852750512489e+00 6.244421675204420374e+00 1.038777020627385284e+01
2.094703049973117626e+00 4.174819319187116129e+00 1.038958557133864957e+01
-1.362040639816937924e-02 6.243885152885298773e+00 1.039221302950522663e+01
1.881946562378093973e-03 2.103530398223739439e+00 1.039243163011142457e+01
2.103530397419401954e+00 1.881946973981668981e-03 1.039243162994894476e+01
1.457502040763191609e+01 8.317514847138102851e+00 1.039221302930348756e+01
1.246669695099365249e+01 1.038658068120101774e+01 1.038958557158474605e+01
1.038694874610542662e+01 -1.300262691533210849e-02 1.038533716379715344e+01
8.315523750648193158e+00 2.086802852907142736e+00 1.038668870124224064e+01
2.096997368471064771e+00 1.246440263130545567e+01 1.038243257530987584e+01
3.782204069817182365e-03 1.455761779571279391e+01 1.039027271491506355e+01
1.455761779605254524e+01 3.782204195689103324e-03 1.039027271479572434e+01
1.246440263158007866e+01 2.096997368625615810e+00 1.038243257522120189e+01
1.039326314738688772e+01 8.316978324022642255e+00 1.038777020062002698e+01
8.316978323975883214e+00 1.039326314742892521e+01 1.038777020203035839e+01
2.086802852878573589e+00 8.315523750650173795e+00 1.038668870172604208e+01
-1.300262680962236024e-02 1.038694874561883275e+01 1.038533716401729734e+01
1.455951805376947661e+01 1.245786960243777131e+01 1.039243162991945191e+01
1.245786960264704746e+01 1.455951805371426744e+01 1.039243162989511582e+01
8.314492764849207518e+00 1.246274399499673358e+01 1.247059205502039880e+01
1.038429325838980866e+01 1.455786924984544406e+01 1.246541151912189527e+01
1.246431949479084089e+01 4.175605795434101708e+00 1.245993761933361910e+01
1.456503877879783282e+01 6.244717318432027930e+00 1.246494566841353802e+01
8.316682681030433955e+00 -3.638777645062804544e-03 1.246494566776371293e+01
1.038579420395041097e+01 2.097080505930359440e+00 1.245993761907370256e+01
4.178632812951214248e+00 4.178632812073288072e+00 1.247409929928000061e+01
6.242713039758192473e+00 6.242713038863714203e+00 1.246587419495881477e+01
4.175605795444305990e+00 1.246431949451493715e+01 1.245993761927594079e+01
6.244717318334873646e+00 1.456503877881505993e+01 1.246494566814110883e+01
4.167883332297818377e+00 8.316419659185477542e+00 1.246480879408406750e+01
6.244980341525040224e+00 1.039351666797487894e+01 1.246480879293405764e+01
8.318686958667822040e+00 8.318686961118299195e+00 1.246587419238752581e+01
1.038276718609354532e+01 1.038276718854748104e+01 1.247409929667092143e+01
7.361864288831333064e-03 1.245298390926180154e+01 1.245060247917944629e+01
2.108416090332611681e+00 1.455403813607915886e+01 1.245060247915983709e+01
1.246274399697324675e+01 8.314492764914644951e+00 1.247059205532878856e+01
1.455786924977317121e+01 1.038429325837145001e+01 1.246541151940099823e+01
1.245298390961655954e+01 7.361864303827230817e-03 1.245060247904618578e+01
1.455403813622572251e+01 2.108416090480425886e+00 1.245060247905098194e+01
2.108676509905194507e+00 2.108676510156969552e+00 1.246545319929990292e+01
2.153702975074113166e-02 2.153703027882920493e-02 1.246336945874632107e+01
3.530751169023290965e-03 4.177106742264085959e+00 1.246541151933965885e+01
2.098656004633185024e+00 6.246907234494027961e+00 1.247059205655400760e+01
8.316419658364473833e+00 4.167883331769779431e+00 1.246480879424050769e+01
1.039351666752485492e+01 6.244980338998545655e+00 1.246480879279503107e+01
4.177106741730265860e+00 3.530751265774417606e-03 1.246541151878329501e+01
6.246907234547225407e+00 2.098656004888329374e+00 1.247059205632757894e+01
-3.638777449315710663e-03 8.316682680842474085e+00 1.246494566861174924e+01
2.097080505855673405e+00 1.038579420387879715e+01 1.245993761958111712e+01
1.245272349084970109e+01 1.245272349079217555e+01 1.246545319937588481e+01
1.453986297050966847e+01 1.453986297042176545e+01 1.246336945881993152e+01
2.117782970128294640e+00 2.364150302244094962e-02 1.455705916587115212e+01
2.364150261390510904e-02 2.117782970684599864e+00 1.455705916589145765e+01
1.037588904164840109e+01 8.306702469030069480e+00 1.459018069984466770e+01
8.306702468991517208e+00 1.037588904178013216e+01 1.459018070560423119e+01
6.254697531165614777e+00 4.185510958058482167e+00 1.459018070505424092e+01
4.185510958501848400e+00 6.254697531017465728e+00 1.459018069996644762e+01
2.099225604632703579e+00 8.318191629420331523e+00 1.456616682872199497e+01
5.928542137483890778e-03 1.039131522548606057e+01 1.455507390477384533e+01
1.038839456925300553e+01 4.173005429988151604e+00 1.456737810735419458e+01
8.321523351019088466e+00 6.239876649166519407e+00 1.454412206204603386e+01
1.453311435263275442e+01 2.828564767663676108e-02 1.452995789726679732e+01
1.245337366483187047e+01 2.108026335174295163e+00 1.455045468738419068e+01
6.239876649351672633e+00 8.321523350985589929e+00 1.454412206199501689e+01
4.173005430523534010e+00 1.038839456957851226e+01 1.456737810759939400e+01
1.455620454072279735e+01 8.315665635820691293e+00 1.456168376649615581e+01
1.245101973610211310e+01 1.037757359350317188e+01 1.456986182868051927e+01
1.039131522565611476e+01 5.928542102674677107e-03 1.455507390427627357e+01
8.318191629419544597e+00 2.099225604089979491e+00 1.456616682771309712e+01
6.243208370409895736e+00 1.246217439564325602e+01 1.456616682708281907e+01
4.170084774091966651e+00 1.455547145800498221e+01 1.455507390489126784e+01
2.110380264227767810e+00 4.183826406353110094e+00 1.456986182954388021e+01
5.195460014905547985e-03 6.245734363898737485e+00 1.456168376665472941e+01
1.037757359346461961e+01 1.245101973651648208e+01 1.456986182826660858e+01
8.315665635810038481e+00 1.455620454052003510e+01 1.456168376585118374e+01
6.245734363944372092e+00 5.195459699503407816e-03 1.456168376521549845e+01
4.183826406551579780e+00 2.110380263567841919e+00 1.456986182916500994e+01
2.108026335090084746e+00 1.245337366478283059e+01 1.455045468761383098e+01
2.828564736916295425e-02 1.453311435240362570e+01 1.452995789718876551e+01
1.455547145817582866e+01 4.170084774193840715e+00 1.455507390482358865e+01
1.246217439543068650e+01 6.243208370255482365e+00 1.456616682778677685e+01
1.453775849752845950e+01 1.244361702987451146e+01 1.455705916633031904e+01
1.244361702999822406e+01 1.453775849753947291e+01 1.455705916629674412e+01
7.280699998303383325e+00 7.280699997977373883e+00 1.706123536877767677e+01
