337

-6.905865497381152851e-02 1.703797387465765326e-02 6.270784492991773873e-03
3.411033086712480511e+00 -2.159788200815612388e-02 4.762614134797431120e+00
8.616318951463161069e-01 1.457560557599109519e+00 4.753260406435901864e+00
4.235313705524171191e+00 1.488308405162842130e+00 2.372213907156069279e+00
2.509246915193760419e+00 1.485936361305174369e+00 -6.711460373405009339e-02
1.725034301405808712e+00 -1.410664551185339226e-02 2.336962894564033721e+00
5.030133584392365798e+00 -3.968356771340150052e-02 6.172079735367822645e-03
8.485933704939089495e+00 -1.701084726458886379e-02 4.799754671218468438e+00
5.945244772054917526e+00 1.479036962575704051e+00 4.785743704129325593e+00
9.315719441981842763e+00 1.472595741520707380e+00 2.401838446798501892e+00
7.595778903734859533e+00 1.450539827171242857e+00 -1.703688750970713123e-02
6.771260582195044897e+00 -1.978859455768325337e-02 2.393292424599272383e+00
1.012594747710227061e+01 -5.572741454028617286e-02 3.292532731901725435e-02
1.357170931618057530e+01 -1.973404117000130548e-02 4.826586366056938360e+00
1.103030889812310811e+01 1.475826915604830702e+00 4.809231332240639922e+00
1.439659547702864728e+01 1.469563846907458782e+00 2.424642500577787629e+00
1.268857816534158189e+01 1.439572214699966324e+00 4.565568132162840451e-03
1.185846074653086468e+01 -2.625571186766016696e-02 2.419747597308270048e+00
1.521428174792703913e+01 -6.778609906129712259e-02 5.773178704287554308e-02
1.861354433622749482e+01 -5.466380445942306543e-02 4.865983313119237152e+00
1.610759284250703871e+01 1.476760646855352466e+00 4.840201003576983574e+00
1.949020925446540176e+01 1.410751219867321327e+00 2.435926573041632182e+00
1.779118634824936152e+01 1.406992012751094867e+00 3.543212054122048954e-02
1.691093342397247667e+01 -4.150908681200177891e-02 2.463293652622554397e+00
-6.085245266267622771e-02 2.958012606614387252e+00 3.195438273906552745e-02
3.401360521251546754e+00 2.943443587860921085e+00 4.773598317402762525e+00
8.489341602415723109e-01 4.401865681502507677e+00 4.802768618269800172e+00
4.236317271463091672e+00 4.421272273701951860e+00 2.378415375986147051e+00
2.522730392324051163e+00 4.425346652288457250e+00 -3.081216005980261935e-02
1.690011037499721258e+00 2.943576859067450258e+00 2.368464272774172930e+00
5.069344178359854958e+00 2.937126051761656420e+00 -2.704834093788933275e-02
8.488005708056807208e+00 2.943491409691046723e+00 4.798376073401050768e+00
5.944026608882450269e+00 4.418757088687391921e+00 4.788932195686379956e+00
9.330137317803012920e+00 4.413280343073210155e+00 2.396618540601748393e+00
7.627012491326335741e+00 4.405874961536172307e+00 -1.111439026144833177e-02
6.780293099787233047e+00 2.941528755437554654e+00 2.384886015865787190e+00
1.016025737775649418e+01 2.917538830239294612e+00 -2.485834797485608066e-03
1.357384325318012763e+01 2.943094893219651453e+00 4.818700522357704408e+00
1.103467488823550546e+01 4.416500372212057712e+00 4.805908355637874330e+00
1.442255947647277026e+01 4.406240004316281933e+00 2.411005225536313468e+00
1.272482108742350704e+01 4.392774145754394510e+00 5.318813215702350439e-03
1.186658783531617445e+01 2.934173009230237827e+00 2.404863340044105957e+00
1.526102324204819105e+01 2.902563622706830326e+00 1.663333791907648310e-02
1.866602544899952676e+01 2.915562301561806180e+00 4.821319400852873471e+00
1.612730373008538720e+01 4.411072384128782886e+00 4.818970112120191551e+00
1.952278387629875667e+01 4.373177848115799016e+00 2.395173203666872475e+00
1.783259552504110701e+01 4.369326396179473271e+00 1.172727054582857302e-02
1.695424990694142409e+01 2.916725465891127023e+00 2.426007735034919843e+00
-5.362201194425179201e-02 5.895194847032811936e+00 5.529450862557148266e-02
3.395164060098198711e+00 5.885088841377924318e+00 4.792302642397866741e+00
8.408014560793481973e-01 7.349344412707766061e+00 4.818404136997162190e+00
4.237142733811057660e+00 7.357911575992997832e+00 2.390325614839859281e+00
2.526093162815181259e+00 7.361402287566802372e+00 -1.371538163533968235e-02
1.687841343352236123e+00 5.885639867391747160e+00 2.397255875494302302e+00
5.082408533879362089e+00 5.886678611310143694e+00 -1.653948912679752484e-02
8.490297910601491083e+00 5.887342853571184698e+00 4.798616499257225776e+00
5.941721246078063956e+00 7.357528195686422023e+00 4.796006347221962507e+00
9.338731569767897867e+00 7.354850834219853972e+00 2.396249878428837743e+00
7.638854125757325697e+00 7.353095811509041013e+00 -8.655394862886790081e-03
6.786720137767952465e+00 5.886575153892171564e+00 2.390035397511551363e+00
1.018474048415545141e+01 5.873558882129626291e+00 -3.289034256923271428e-03
1.358491051419250972e+01 5.884993961001976359e+00 4.810545019257897792e+00
1.103955639222141905e+01 7.356220082709252317e+00 4.803306295895429123e+00
1.443616965074918923e+01 7.350356788851568623e+00 2.403949119815651958e+00
1.274171164012606994e+01 7.345649216088133926e+00 9.906061512539232269e-04
1.188330469251117627e+01 5.880717259832856314e+00 2.402558730821509947e+00
1.528778056534240193e+01 5.862209719039976008e+00 6.384386234489921111e-03
1.868311838881996323e+01 5.869476844542376170e+00 4.799606463173157422e+00
1.613703566614842799e+01 7.352404674394415807e+00 4.808353663769252329e+00
1.953932509449950672e+01 7.336975223567430149e+00 2.382975259407417834e+00
1.785068930371679841e+01 7.334977026852661730e+00 4.702408671603552112e-04
1.697585606831746219e+01 5.868824231892384446e+00 2.409947458274587007e+00
-5.189825832703388181e-02 8.832426764705997968e+00 6.223325603622612695e-02
3.391525702404143860e+00 8.825372267155639605e+00 4.800153015733119588e+00
8.397826738680091996e-01 1.029724520214715433e+01 4.821728710828815601e+00
4.237346270008902849e+00 1.029518187264450901e+01 2.392798981572072492e+00
2.526613069140805301e+00 1.029715594628244091e+01 -1.091393094363285292e-02
1.686861068742847136e+00 8.825762485846045280e+00 2.406346593416778479e+00
5.085535410427910463e+00 8.826667632609009218e+00 -9.825187327896308179e-03
8.491001984295222016e+00 8.826016014473555771e+00 4.798517915599769701e+00
5.940963873363802605e+00 1.029501185463606028e+01 4.797099805941095418e+00
9.340488242493435678e+00 1.029554045089843939e+01 2.395902740337084502e+00
7.640893588660660818e+00 1.029630252524924572e+01 -8.235560756178579231e-03
6.789276528565030944e+00 8.825966991919294458e+00 2.393065445424675808e+00
1.019328400238959986e+01 8.822943239761320555e+00 -4.110793994375140994e-03
1.358968062453747727e+01 8.825062598995781826e+00 4.806045135286165504e+00
1.104064692556130467e+01 1.029504367514518037e+01 4.802156488866013540e+00
1.443900753934835102e+01 1.029640450537030993e+01 2.402421051321196543e+00
1.274522262697458075e+01 1.029776541389196609e+01 -2.254431568021273834e-04
1.189025642359760937e+01 8.824213391580666865e+00 2.400071828028432108e+00
1.529791665955885804e+01 8.820016796627831113e+00 1.950777171785047018e-03
1.868960648798456603e+01 8.821430061222311991e+00 4.792736873084518123e+00
1.613890375263358123e+01 1.029585552883469290e+01 4.806223672010232484e+00
1.954295841591672556e+01 1.029990805112061558e+01 2.380808785965781826e+00
1.785468001027128437e+01 1.030086178076036596e+01 -1.681795137019221741e-03
1.698465254321617834e+01 8.821322028950827843e+00 2.403884808453780053e+00
-5.190098616193786901e-02 1.177050910947810891e+01 6.057510363925679153e-02
3.392825102120486047e+00 1.176552714836921254e+01 4.797752659137279885e+00
8.434998501148983641e-01 1.324520908496040761e+01 4.813817399280074127e+00
4.238045479079201705e+00 1.323313781468174710e+01 2.385634385914179756e+00
2.525498681827281100e+00 1.323384026105788713e+01 -2.035193831977254175e-02
1.687878857747223460e+00 1.176489423081300068e+01 2.403788635067926727e+00
5.084847442286552166e+00 1.176487275652829645e+01 -1.193303423055791686e-02
8.491159125893217308e+00 1.176394862508021966e+01 4.797887849363342561e+00
5.943303330934866402e+00 1.323298308242240395e+01 4.793175999003575605e+00
9.335934757161076902e+00 1.323745669139496428e+01 2.395829079411144757e+00
7.635528634579814344e+00 1.324110039365413449e+01 -1.044770297661098274e-02
6.788887994456544561e+00 1.176445259600711779e+01 2.391758951729537674e+00
1.019111898558271534e+01 1.177076439708373279e+01 -3.897418169252788583e-03
1.358831129232210699e+01 1.176512846423903014e+01 4.807375787437927706e+00
1.103841553537276710e+01 1.323496119064180476e+01 4.804020659616304201e+00
1.443142020404683379e+01 1.324225474384520496e+01 2.406896948783328494e+00
1.273660369505305212e+01 1.325036434383930128e+01 2.280363182824770608e-03
1.188828186696623135e+01 1.176717908229625387e+01 2.400682010063475147e+00
1.529564937602946095e+01 1.177725221076830842e+01 3.644388889174369692e-03
1.868767986952691729e+01 1.177265196792057189e+01 4.794516669237598450e+00
1.613334769202134567e+01 1.323911638098598154e+01 4.812999154082231890e+00
1.953544287069077257e+01 1.326367286505529464e+01 2.386667059642262778e+00
1.784614048916963824e+01 1.326753611027354651e+01 3.940443714728885521e-03
1.698256924787429867e+01 1.177366099626029516e+01 2.405718586338401632e+00
-5.386538679101580268e-02 1.471014306815428441e+01 5.018984406825217903e-02
3.398698952615573976e+00 1.470390254163216959e+01 4.784426051107076638e+00
8.539626106765102476e-01 1.619518011862522755e+01 4.787640203691975849e+00
4.233783575867343885e+00 1.617579899165092172e+01 2.369255442714374826e+00
2.520505795977731278e+00 1.617485633898700215e+01 -4.528165633573254245e-02
1.690917514415624101e+00 1.470140298238768395e+01 2.388475992723298358e+00
5.079333620897948265e+00 1.470595514991449626e+01 -2.118806953738810658e-02
8.490524801666248678e+00 1.470354088595159325e+01 4.796560282514295004e+00
5.945951846191479540e+00 1.617473018271616425e+01 4.785938896493101780e+00
9.324953645530316138e+00 1.618453919048829093e+01 2.394787934998810819e+00
7.618259361409855934e+00 1.619477134880140312e+01 -1.284764596031243503e-02
6.784328091134725014e+00 1.470463468692567055e+01 2.387200475830476787e+00
1.017677177789491871e+01 1.472064195618153626e+01 -2.829244628971342313e-03
1.358214306416198447e+01 1.470560923242792128e+01 4.813401857444364218e+00
1.103273414801568464e+01 1.617874957659748247e+01 4.806664058037660503e+00
1.441246531935331276e+01 1.618880473399105568e+01 2.415159564798843306e+00
1.271019066250232399e+01 1.620619191563835670e+01 6.246490296387847800e-03
1.187745337970463133e+01 1.470999689857526604e+01 2.403903535340909947e+00
1.527948571766549613e+01 1.473327043314646900e+01 1.191076534143171647e-02
1.867691860063519727e+01 1.472217239563338076e+01 4.807200733777915680e+00
1.612265288521163953e+01 1.618301583625718365e+01 4.830454500146808883e+00
1.951257784543854967e+01 1.623100307359812788e+01 2.407957766183239201e+00
1.782015536610029827e+01 1.623661302860486799e+01 2.191984839100605612e-02
1.696859208178936385e+01 1.472210451600665415e+01 2.416782504388671704e+00
-5.584411921036862292e-02 1.765087674278792917e+01 -2.042856473351353438e-02
3.409633205551908741e+00 1.763761078823669237e+01 4.763748819366665721e+00
9.049330511331773463e-01 1.916776081054143077e+01 4.741638081018315631e+00
4.225013800288176746e+00 1.913499661975605903e+01 2.367975509695943170e+00
2.511139937586055471e+00 1.913636411456393205e+01 -4.480337769035765833e-02
1.682618731312021554e+00 1.763295196572902768e+01 2.354525106989517447e+00
5.059944995950427682e+00 1.765403461198857116e+01 -3.512043768706554075e-02
8.486841750227476666e+00 1.764425500618449405e+01 4.796651948785658703e+00
5.942127723051289223e+00 1.913823630854589553e+01 4.781797066064373603e+00
9.317453080109897812e+00 1.914260989231029342e+01 2.405682931940399172e+00
7.583997765714850736e+00 1.916936957812991338e+01 1.887893017062966527e-02
6.772001111103326032e+00 1.764431163176062967e+01 2.388568149017952891e+00
1.014629213024163690e+01 1.767540694835410520e+01 -6.901907036755280771e-03
1.357449486421355189e+01 1.764493425637597568e+01 4.820549230808507168e+00
1.103061000443998374e+01 1.913817577512050150e+01 4.810584238977883231e+00
1.440205306862495327e+01 1.915156250912151492e+01 2.433737218010358472e+00
1.267530921511081665e+01 1.918050094870896061e+01 4.365777161799348771e-02
1.186234243306686764e+01 1.765037879852613401e+01 2.411437634545812614e+00
1.523588951753558085e+01 1.768405489558286092e+01 1.864377878987324294e-02
1.866211183765266313e+01 1.766730240628905335e+01 4.851812139033800264e+00
1.611139778549859614e+01 1.914462084609600367e+01 4.845469567606860650e+00
1.944214532297338849e+01 1.920193834262166988e+01 2.474333585736642860e+00
1.774450624100503049e+01 1.920738658015674716e+01 7.590071089876695987e-02
1.693687483661692283e+01 1.765820145015604936e+01 2.444109155750895823e+00
9.018564553847324694e-02 -8.054421530433361620e-02 7.129107778389314198e+00
3.482699702703130118e+00 -8.346200211603228836e-02 1.193573416342589333e+01
9.005898422364946310e-01 1.373719208430656868e+00 1.197008176281500447e+01
4.288665058072167469e+00 1.468941706897848753e+00 9.577619377544849044e+00
2.590021885512147737e+00 1.473298180721820172e+00 7.157443609481326519e+00
1.778776832095380511e+00 -4.696602461358065361e-02 9.533014709388288210e+00
5.120049280484074927e+00 -2.344281960767532341e-02 7.177161836688136454e+00
8.558624187762561064e+00 -5.741437590976405242e-02 1.197310354316815406e+01
5.997065676177627758e+00 1.437854061107497472e+00 1.200037607083513436e+01
9.367654391496181177e+00 1.472150702975936420e+00 9.604424265596767540e+00
7.656262720986944714e+00 1.475995130900824126e+00 7.196811186982085218e+00
6.826528519724710975e+00 -2.713062636048477194e-02 9.586236880332952737e+00
1.019907317056252971e+01 -1.732792311864319451e-02 7.205609942198261564e+00
1.364879667157437737e+01 -4.279311586325378058e-02 1.199919623646565903e+01
1.108633515738209319e+01 1.450742648301584836e+00 1.202354785499903400e+01
1.444851395365209079e+01 1.483804895241428667e+00 9.631125783634873372e+00
1.274082034065705926e+01 1.478111636874760215e+00 7.219628219540574321e+00
1.191059838618968847e+01 -2.024573483250878200e-02 9.612382927401291965e+00
1.528263762719090124e+01 -1.595696819413502943e-02 7.238808630034323066e+00
1.871945977526105764e+01 -1.172304857967665370e-02 1.205195119276188009e+01
1.617049933226153513e+01 1.477638722552117923e+00 1.206368840837495604e+01
1.954448223014171404e+01 1.453784048498888648e+00 9.625532443951044570e+00
1.782360401941689787e+01 1.476156506920056621e+00 7.251932179726916949e+00
1.697088435139934504e+01 -1.437174969257187448e-02 9.667164018813869220e+00
1.764872240272424495e-02 2.892357693599159951e+00 7.203605004205556384e+00
3.422239815472603031e+00 2.892091087669718785e+00 1.198868232081014185e+01
8.533397254491684736e-01 4.353962629247260629e+00 1.200480161784436994e+01
4.257373945070437316e+00 4.404010328473076719e+00 9.597178414778852584e+00
2.563795075489126774e+00 4.406553598566524066e+00 7.188750631777780953e+00
1.721179100410284324e+00 2.908501594660784839e+00 9.583825366184091976e+00
5.115420558719374178e+00 2.943024194556207007e+00 7.187070441493657036e+00
8.523040710874496995e+00 2.917054013168365767e+00 1.200897592284363569e+01
5.957064410421415879e+00 4.390573500143036156e+00 1.200112222700476750e+01
9.353006731881098546e+00 4.412398299997931872e+00 9.609741888037092394e+00
7.651168724456243631e+00 4.417113584169150009e+00 7.200550043480236084e+00
6.817252243337065920e+00 2.934354148387473327e+00 9.601328766855294461e+00
1.019725130502603250e+01 2.942756713600283902e+00 7.207846848961468211e+00
1.361273161071373217e+01 2.934260228873259990e+00 1.203198645928252120e+01
1.105510063252535780e+01 4.407285798037082536e+00 1.201882529503585140e+01
1.444381571815203102e+01 4.419544459930635938e+00 9.628652565995254875e+00
1.273960078277480434e+01 4.418313781013853969e+00 7.218407902252993225e+00
1.190263377820067880e+01 2.940517213684550768e+00 9.621619637168800310e+00
1.528349713387433795e+01 2.945856480880999495e+00 7.231071251189702842e+00
1.872385977196168483e+01 2.945279342857337834e+00 1.202802553313492595e+01
1.615806649321766386e+01 4.420095116085362541e+00 1.203635112650821526e+01
1.954791417435577827e+01 4.402545612153414112e+00 9.586121267464713824e+00
1.783244390007944702e+01 4.412136414973684140e+00 7.220941348502666557e+00
1.698847623367899828e+01 2.941773526655734994e+00 9.646928894137989374e+00
-1.898534917148067460e-03 5.858595353656861349e+00 7.229115353806602862e+00
3.394799776183328621e+00 5.857457382228643539e+00 1.200370714270777839e+01
8.358652235130415997e-01 7.331398357709177027e+00 1.201808148309462965e+01
4.242917096875140182e+00 7.349101488581625929e+00 9.606595244513894016e+00
2.552306991715505013e+00 7.350127898852294450e+00 7.202030824670777598e+00
1.698886777879317744e+00 5.864186948507492225e+00 9.605236060022647848e+00
5.101293312861952423e+00 5.884864557141123775e+00 7.198259059719066322e+00
8.497257969511517572e+00 5.872655987778721887e+00 1.200891879488442449e+01
5.940601201749558413e+00 7.344672871821995130e+00 1.200623158512301636e+01
9.344652616157826941e+00 7.353462704953201978e+00 9.608021136561996300e+00
7.644706897049017513e+00 7.356877057963949085e+00 7.202613389035496638e+00
6.798683413257164077e+00 5.880803515751759747e+00 9.604443574508021442e+00
1.019413601958982518e+01 5.886575470829684242e+00 7.207618334270439853e+00
1.359786622228520336e+01 5.885947734463311320e+00 1.202537789759184150e+01
1.103788717910137507e+01 7.361509618135771760e+00 1.202734555403939076e+01
1.444263743130690614e+01 7.356966694008070462e+00 9.618914743766858066e+00
1.274062151309177615e+01 7.356487472272127626e+00 7.211841774017540452e+00
1.189417722637477404e+01 5.887158904527441727e+00 9.620561782915540761e+00
1.528749020230413436e+01 5.886495339022878248e+00 7.217729656833481222e+00
1.872015121613940281e+01 5.887464071388065712e+00 1.200084440065133506e+01
1.615528226947022716e+01 7.358228918862600665e+00 1.202237837317335334e+01
1.955105265693438454e+01 7.351850322275576666e+00 9.570711005259196824e+00
1.783787871567660943e+01 7.353170288770655816e+00 7.206739416826108524e+00
1.698902326058937717e+01 5.885036304714416744e+00 9.624094118533024655e+00
-7.590440536955212446e-03 8.819622669175494423e+00 7.237765895976930430e+00
3.388775078715790201e+00 8.821178393096040793e+00 1.201097416489723813e+01
8.337330772547758562e-01 1.030545218105452143e+01 1.202144156882235571e+01
4.243366546699662400e+00 1.029809578555376959e+01 9.612379033294667252e+00
2.551310237442179218e+00 1.029732756210886890e+01 7.205787409394582177e+00
1.692926091722710691e+00 8.821735587935476630e+00 9.613329532047117709e+00
5.094801983040708748e+00 8.825526004812733305e+00 7.203698699583756415e+00
8.487954070343628032e+00 8.820946625365897020e+00 1.199529109322892850e+01
5.949162841667471113e+00 1.029966001177901802e+01 1.202041462857828336e+01
9.341370432129332713e+00 1.029595090345307540e+01 9.601889740616474711e+00
7.642617356306374177e+00 1.029533998889613322e+01 7.201350772809181677e+00
6.789489397064635945e+00 8.825193712915897493e+00 9.605652226864435761e+00
1.019219963054962186e+01 8.825465286298573631e+00 7.204602624673341005e+00
1.359618952325537045e+01 8.825768620616280202e+00 1.201804821322870964e+01
1.104365191372404276e+01 1.029683348954201882e+01 1.199987842806120497e+01
1.444133010041003295e+01 1.029519470496594202e+01 9.616554153899596002e+00
1.274052710031968338e+01 1.029482230820351241e+01 7.209899899794878664e+00
1.189197950988193142e+01 8.823937585099018932e+00 9.612264804878952518e+00
1.528958774176523860e+01 8.825422339993263421e+00 7.211373014999916009e+00
1.871953228010614723e+01 8.826950561093141800e+00 1.199143626651386363e+01
1.615457714764803399e+01 1.029542864348227127e+01 1.201956447625383539e+01
1.955192195605269490e+01 1.030122276464945053e+01 9.567235065403437488e+00
1.783875686372711300e+01 1.029573198337987172e+01 7.204009615291493418e+00
1.698960502294517028e+01 8.826140373439539388e+00 9.615568650957518670e+00
-4.806386867496369175e-03 1.177891795783456885e+01 7.236228767767489245e+00
3.392256876695912027e+00 1.178197814509688079e+01 1.200922207529656305e+01
8.431792863280903605e-01 1.328184844696889400e+01 1.201555424788871385e+01
4.249688565739067947e+00 1.324676128430582089e+01 9.603032438966792483e+00
2.557385433709307598e+00 1.324422201379204367e+01 7.197341974177269286e+00
1.696106045611296853e+00 1.177845356942207644e+01 9.611837030777749646e+00
5.096860757594131819e+00 1.176593414973002716e+01 7.201952613673764603e+00
8.491096440293356196e+00 1.177500962621660463e+01 1.199469923535949967e+01
5.948208111672599330e+00 1.325521475454826970e+01 1.200414552357265485e+01
9.348114711275414379e+00 1.323952039971054440e+01 9.607199349849166126e+00
7.647208455101409008e+00 1.323459663213821536e+01 7.200636300434645420e+00
6.792179557883811114e+00 1.176802469914090210e+01 9.604583539024028838e+00
1.019275611806150827e+01 1.176465528990713594e+01 7.204549944598494626e+00
1.359664796312897650e+01 1.176548260566054083e+01 1.201980096585067059e+01
1.104245076138282755e+01 1.323417596148743769e+01 1.202813669304247490e+01
1.444204705125474142e+01 1.323380206586345587e+01 9.622950158155898492e+00
1.274032799099308910e+01 1.323401802403124172e+01 7.213491197851653602e+00
1.189263923395148304e+01 1.176655785012616917e+01 9.612879382273307627e+00
1.528874414973436480e+01 1.176417001286952058e+01 7.213670413295846906e+00
1.871927894156110739e+01 1.176511246184238857e+01 1.199295629728218771e+01
1.615408827012735316e+01 1.323326702990056347e+01 1.202957916837091190e+01
1.955089275673729432e+01 1.325421258819048553e+01 9.574980830022713718e+00
1.783585696337059190e+01 1.323775619901912037e+01 7.211875664646002271e+00
1.698926038990558141e+01 1.176636638936697921e+01 9.618474620601537239e+00
7.747634114700998470e-03 1.473946968349588715e+01 7.221939048005089568e+00
3.407031315103238089e+00 1.474358445003828599e+01 1.199745265874802413e+01
8.736278329278011068e-01 1.626916425852606096e+01 1.199452253317037353e+01
4.270699441105754168e+00 1.619427626761180861e+01 9.590344780329376206e+00
2.573409012577942523e+00 1.619006373205423088e+01 7.174765797385536992e+00
1.709804583633380171e+00 1.473146489789210634e+01 9.598646830062758539e+00
5.106596127921060990e+00 1.470602107949910931e+01 7.193731517009965160e+00
8.508785850629189795e+00 1.472431169476994839e+01 1.200695203892881757e+01
5.976994417706874785e+00 1.621243573511068448e+01 1.199766148752863160e+01
9.359656575680208590e+00 1.618642192973230109e+01 9.609464780035787967e+00
7.655394051466858585e+00 1.617806420272861700e+01 7.197089750953606035e+00
6.806686877346315612e+00 1.471181349924304094e+01 9.601409474694850843e+00
1.019517962389874022e+01 1.470435982936303354e+01 7.207562315593660784e+00
1.360129435970699951e+01 1.470812092224855760e+01 1.202895569173496426e+01
1.106882513559734349e+01 1.619700583352762990e+01 1.201881341742372022e+01
1.444107793756820080e+01 1.617512478602681725e+01 9.634267713877317618e+00
1.273845662896168918e+01 1.617532629528781740e+01 7.217865877867365221e+00
1.189594096112564436e+01 1.470353046544263798e+01 9.621536515860741545e+00
1.528578018560916618e+01 1.470237878989332891e+01 7.224714700691718505e+00
1.871791255663847764e+01 1.470039343968870327e+01 1.201058221527978098e+01
1.615857269337933744e+01 1.617811144372366883e+01 1.205129796130399811e+01
1.954335865419595564e+01 1.621697896919336657e+01 9.610278247548713182e+00
1.783097523910498694e+01 1.617909533966359348e+01 7.236995361800866000e+00
1.698695277238035217e+01 1.470326946142335878e+01 9.634619736481511154e+00
3.140680382822685912e-02 1.769966900736301341e+01 7.169359943425267723e+00
3.455637057443431193e+00 1.769721386012389175e+01 1.198330798536939845e+01
9.796164764475265851e-01 1.927472906855759760e+01 1.189676494344922908e+01
4.286857787254085395e+00 1.915509066413628858e+01 9.568485938787015144e+00
2.608690366112392578e+00 1.915167124989386238e+01 7.145420007963891429e+00
1.740497424188535369e+00 1.767009734036609103e+01 9.557363037901019709e+00
5.120873487098878130e+00 1.764335736594815884e+01 7.181824698532178530e+00
8.541918473988305394e+00 1.767883853173890429e+01 1.201035669440912734e+01
6.017350012116802205e+00 1.918882313046732335e+01 1.195625127924736120e+01
9.367598076158943243e+00 1.914587633882698370e+01 9.596777461493109840e+00
7.656846630323463465e+00 1.914057037579021525e+01 7.190034957911421110e+00
6.824875804136980584e+00 1.765235673566535723e+01 9.591414547211142505e+00
1.019768052262780245e+01 1.764496146171996216e+01 7.206022628727292378e+00
1.363179297805676349e+01 1.766461409100932656e+01 1.203610103759377559e+01
1.110326134009437737e+01 1.917280895691530063e+01 1.198335828649086565e+01
1.444963016634896391e+01 1.914074480602639383e+01 9.628151634826945582e+00
1.274059182680862534e+01 1.913692380358886425e+01 7.217983627136613123e+00
1.190945450282717033e+01 1.764516978614807741e+01 9.614903511714544493e+00
1.527673571971923216e+01 1.763695849906130064e+01 7.234576843056592210e+00
1.872016034346417612e+01 1.763201390304943672e+01 1.207741629883856049e+01
1.619579795551486256e+01 1.915845594466112445e+01 1.201845339767377219e+01
1.945503955820953479e+01 1.919397066068701108e+01 9.702380878117596197e+00
1.779848480902498409e+01 1.913252967787262548e+01 7.270075911945522051e+00
1.697442438342119431e+01 1.762865102428970587e+01 9.655449227237697940e+00
9.334642547447629113e+00 1.029743443710310835e+01 1.439371128621352547e+01
