256

2.108703891812766074e+00 2.108703891812766518e+00 8.181685158150096490e-03
2.889695441248033361e-02 2.889695441248060423e-02 2.889695441247980973e-02
4.690528838554330372e-03 4.169517699541092526e+00 4.690528838554088378e-03
2.095927305452045086e+00 6.243889140203208399e+00 -5.683988257880818323e-03
2.737804106471757558e-03 8.318538487958338834e+00 2.737804106470423122e-03
2.101325471821562374e+00 1.038686219229228769e+01 -1.825537012919999829e-03
1.458087987085853778e-02 1.245228302486631833e+01 1.458087987085812491e-02
2.109116975133688676e+00 1.454681912012914502e+01 1.458087987085835910e-02
4.169517699541091638e+00 4.690528838554770125e-03 4.690528838554437925e-03
6.243889140203208399e+00 2.095927305452045086e+00 -5.683988257880595411e-03
4.174227533378489063e+00 4.174227533378489063e+00 -1.183269246342546176e-02
6.244574312247944015e+00 6.244574312247944015e+00 -1.972728133223387165e-02
4.170492210486631990e+00 8.316278407718996846e+00 -1.573107502987825673e-02
6.245121592281002165e+00 1.039090778951336880e+01 -1.573107502987804163e-02
4.174537807707713988e+00 1.246007452817844019e+01 -1.825537012919962966e-03
6.242861512041665506e+00 1.455866219589353250e+01 2.737804106471650872e-03
8.318538487958338834e+00 2.737804106471594494e-03 2.737804106471030709e-03
1.038686219229228769e+01 2.101325471821561930e+00 -1.825537012919562678e-03
8.316278407718996846e+00 4.170492210486631990e+00 -1.573107502987807285e-02
1.039090778951336880e+01 6.245121592281002165e+00 -1.573107502987764264e-02
8.316825687752055885e+00 8.316825687752055885e+00 -1.972728133223359062e-02
1.038717246662151261e+01 1.038717246662151261e+01 -1.183269246342418327e-02
8.317510859796794165e+00 1.246547269454795526e+01 -5.683988257879918869e-03
1.039188230045891181e+01 1.455670947116144376e+01 4.690528838553829037e-03
1.245228302486631833e+01 1.458087987085854124e-02 1.458087987085908595e-02
1.454681912012914502e+01 2.109116975133688676e+00 1.458087987085865747e-02
1.246007452817844019e+01 4.174537807707713100e+00 -1.825537012919891842e-03
1.455866219589353072e+01 6.242861512041665506e+00 2.737804106470594859e-03
1.246547269454795526e+01 8.317510859796794165e+00 -5.683988257880019483e-03
1.455670947116144198e+01 1.039188230045891359e+01 4.690528838552572230e-03
1.245269610818723471e+01 1.245269610818723649e+01 8.181685158149909140e-03
1.453250304558752326e+01 1.453250304558751971e+01 2.889695441247999361e-02
8.181685158149820669e-03 2.108703891812766074e+00 2.108703891812766074e+00
2.108703891812765185e+00 8.181685158150547518e-03 2.108703891812765630e+00
1.038686219229228769e+01 -1.825537012919708178e-03 2.101325471821562374e+00
8.315602032494204821e+00 2.093757031694292614e+00 2.093757031694293058e+00
6.243889140203208399e+00 -5.683988257880448827e-03 2.095927305452044642e+00
4.176452811294883993e+00 2.098131964285523843e+00 2.098131964285523843e+00
1.038762464900987581e+01 4.173775350990126753e+00 2.092232964634319181e+00
8.316767240919853421e+00 6.244632759080144702e+00 2.084208089254790064e+00
2.093757031694292614e+00 8.315602032494204821e+00 2.093757031694292614e+00
-1.825537012919698204e-03 1.038686219229228769e+01 2.101325471821561042e+00
1.038976226190767704e+01 8.315854124793990110e+00 2.088229385221892276e+00
8.315854124793990110e+00 1.038976226190767882e+01 2.088229385221892276e+00
6.245545875206009789e+00 4.171637738092321079e+00 2.088229385221891388e+00
4.171637738092321079e+00 6.245545875206009789e+00 2.088229385221891388e+00
1.038494718870511768e+01 1.246326803571447606e+01 2.098131964285524731e+00
8.317510859796795941e+00 1.456708398825787931e+01 2.095927305452045974e+00
2.098131964285523399e+00 4.176452811294883993e+00 2.098131964285523843e+00
-5.683988257880727250e-03 6.243889140203208399e+00 2.095927305452044642e+00
1.454681912012914502e+01 1.458087987085826369e-02 2.109116975133689120e+00
1.245860179810663482e+01 2.102798201893370411e+00 2.102798201893370411e+00
6.244632759080144702e+00 8.316767240919853421e+00 2.084208089254790064e+00
4.173775350990126753e+00 1.038762464900987581e+01 2.092232964634319181e+00
1.456322553701292577e+01 4.174537807707714876e+00 2.101325471821562374e+00
1.246764296830570729e+01 6.245797967505795079e+00 2.093757031694292614e+00
2.102798201893370411e+00 1.245860179810663482e+01 2.102798201893370411e+00
1.458087987085730092e-02 1.454681912012914324e+01 2.109116975133688676e+00
1.456708398825787931e+01 8.317510859796795941e+00 2.095927305452044642e+00
1.246326803571447606e+01 1.038494718870511768e+01 2.098131964285524731e+00
6.245797967505795079e+00 1.246764296830570906e+01 2.093757031694293502e+00
4.174537807707714876e+00 1.456322553701292577e+01 2.101325471821562374e+00
1.455321831484184791e+01 1.245269610818723471e+01 2.108703891812765630e+00
1.245269610818723649e+01 1.455321831484184791e+01 2.108703891812765630e+00
8.317046393034992491e+00 8.317046393034994267e+00 4.166960382935833707e+00
1.038968914903745322e+01 1.038968914903745322e+01 4.171710850962545791e+00
-1.183269246342582778e-02 4.174227533378489063e+00 4.174227533378489063e+00
2.088229385221890944e+00 6.245545875206009789e+00 4.171637738092321079e+00
4.173775350990127642e+00 1.246916703536568782e+01 4.173775350990127642e+00
6.245121592281003942e+00 1.457713107502988237e+01 4.170492210486634654e+00
8.315854124793990110e+00 1.247317061477811073e+01 4.171637738092322856e+00
1.038717246662151439e+01 1.457323269246342612e+01 4.174227533378489952e+00
-1.825537012920251147e-03 1.246007452817843841e+01 4.174537807707713100e+00
2.101325471821561486e+00 1.456322553701292399e+01 4.174537807707714876e+00
4.171710850962544015e+00 4.171710850962544015e+00 4.171710850962544015e+00
6.244353606965004744e+00 6.244353606965005632e+00 4.166960382935833707e+00
1.246007452817844019e+01 -1.825537012920090251e-03 4.174537807707713100e+00
1.456322553701292577e+01 2.101325471821561930e+00 4.174537807707714876e+00
8.316278407718996846e+00 -1.573107502987817000e-02 4.170492210486631990e+00
1.038762464900987581e+01 2.092232964634319181e+00 4.173775350990126753e+00
-1.573107502987824285e-02 8.316278407718996846e+00 4.170492210486631990e+00
2.092232964634318737e+00 1.038762464900987581e+01 4.173775350990126753e+00
1.246916703536568782e+01 4.173775350990127642e+00 4.173775350990127642e+00
1.457713107502988059e+01 6.245121592281003942e+00 4.170492210486634654e+00
2.098131964285523399e+00 2.098131964285523843e+00 4.176452811294883993e+00
4.690528838554150828e-03 4.690528838554757114e-03 4.169517699541092526e+00
8.316463210475333767e+00 4.169229700153709750e+00 4.169229700153708862e+00
1.039217029984629193e+01 6.244936789524668797e+00 4.169229700153709750e+00
1.247317061477811073e+01 8.315854124793990110e+00 4.171637738092321968e+00
1.457323269246342790e+01 1.038717246662151261e+01 4.174227533378489063e+00
4.169229700153708862e+00 8.316463210475333767e+00 4.169229700153708862e+00
6.244936789524668797e+00 1.039217029984629193e+01 4.169229700153709750e+00
4.174227533378488175e+00 -1.183269246342531604e-02 4.174227533378488175e+00
6.245545875206009789e+00 2.088229385221891388e+00 4.171637738092321079e+00
1.246326803571447606e+01 1.246326803571447428e+01 4.176452811294884881e+00
1.455670947116144376e+01 1.455670947116144198e+01 4.169517699541092526e+00
6.243617834219834961e+00 8.317782165780165826e+00 6.243617834219834961e+00
4.169229700153708862e+00 1.039217029984629193e+01 6.244936789524668797e+00
2.088229385221890944e+00 4.171637738092321079e+00 6.245545875206009789e+00
-1.972728133223421859e-02 6.244574312247944015e+00 6.244574312247944015e+00
-5.683988257880909396e-03 2.095927305452045086e+00 6.243889140203208399e+00
2.095927305452044642e+00 -5.683988257880537298e-03 6.243889140203208399e+00
1.455866219589353072e+01 2.737804106470209317e-03 6.242861512041665506e+00
1.246764296830570729e+01 2.093757031694292614e+00 6.245797967505795079e+00
1.039217029984629015e+01 4.169229700153708862e+00 6.244936789524668797e+00
8.317782165780164050e+00 6.243617834219834961e+00 6.243617834219834961e+00
6.244353606965004744e+00 4.166960382935833707e+00 6.244353606965004744e+00
4.166960382935832818e+00 6.244353606965004744e+00 6.244353606965004744e+00
6.244632759080145590e+00 1.247719191074521028e+01 6.244632759080145590e+00
4.170492210486632878e+00 1.457713107502988237e+01 6.245121592281004830e+00
1.457713107502988059e+01 4.170492210486633766e+00 6.245121592281004830e+00
1.247719191074521028e+01 6.244632759080145590e+00 6.244632759080146478e+00
2.084208089254790064e+00 8.316767240919853421e+00 6.244632759080144702e+00
-1.573107502987810755e-02 1.039090778951336880e+01 6.245121592281003053e+00
1.039443961706416708e+01 8.317046393034994267e+00 6.244353606965005632e+00
8.317046393034994267e+00 1.039443961706416886e+01 6.244353606965006520e+00
6.244574312247943126e+00 -1.972728133223396532e-02 6.244574312247943126e+00
4.171637738092321079e+00 2.088229385221891388e+00 6.245545875206009789e+00
1.458112728133223790e+01 8.316825687752055885e+00 6.244574312247944903e+00
1.247317061477810896e+01 1.038976226190767704e+01 6.245545875206011566e+00
2.093757031694292614e+00 1.246764296830570906e+01 6.245797967505795967e+00
2.737804106470328579e-03 1.455866219589353072e+01 6.242861512041665506e+00
1.039090778951336880e+01 -1.573107502987785775e-02 6.245121592281002165e+00
8.316767240919853421e+00 2.084208089254790064e+00 6.244632759080144702e+00
1.038976226190767704e+01 1.247317061477810896e+01 6.245545875206011566e+00
8.316825687752055885e+00 1.458112728133223790e+01 6.244574312247944903e+00
1.456708398825787931e+01 1.246547269454795526e+01 6.243889140203210175e+00
1.246547269454795703e+01 1.456708398825787754e+01 6.243889140203209287e+00
1.246547269454795526e+01 -5.683988257880522553e-03 8.317510859796795941e+00
1.456708398825787931e+01 2.095927305452044198e+00 8.317510859796795941e+00
4.166960382935833707e+00 8.317046393034992491e+00 8.317046393034992491e+00
6.244353606965005632e+00 1.039443961706416886e+01 8.317046393034994267e+00
-5.683988257880747200e-03 1.246547269454795526e+01 8.317510859796795941e+00
2.095927305452043754e+00 1.456708398825787931e+01 8.317510859796797718e+00
8.317782165780164050e+00 8.317782165780164050e+00 8.317782165780164050e+00
1.039217029984629015e+01 1.039217029984629015e+01 8.316463210475333767e+00
8.316825687752055885e+00 -1.972728133223378838e-02 8.316825687752055885e+00
1.038976226190767704e+01 2.088229385221891832e+00 8.315854124793990110e+00
1.247317061477811073e+01 4.171637738092321968e+00 8.315854124793990110e+00
1.458112728133223790e+01 6.244574312247944015e+00 8.316825687752057661e+00
4.169229700153708862e+00 4.169229700153708862e+00 8.316463210475333767e+00
6.243617834219834961e+00 6.243617834219834961e+00 8.317782165780165826e+00
4.170492210486632878e+00 -1.573107502987820816e-02 8.316278407718996846e+00
6.244632759080144702e+00 2.084208089254789620e+00 8.316767240919853421e+00
-1.573107502987839551e-02 4.170492210486631990e+00 8.316278407718996846e+00
2.084208089254790064e+00 6.244632759080144702e+00 8.316767240919853421e+00
8.316767240919853421e+00 1.247719191074521028e+01 8.316767240919853421e+00
1.039090778951336880e+01 1.457713107502988059e+01 8.316278407718998622e+00
1.247719191074521028e+01 8.316767240919853421e+00 8.316767240919853421e+00
1.457713107502988059e+01 1.039090778951336702e+01 8.316278407719000398e+00
4.171637738092321968e+00 1.247317061477811073e+01 8.315854124793990110e+00
6.244574312247944015e+00 1.458112728133223790e+01 8.316825687752055885e+00
8.317046393034992491e+00 4.166960382935833707e+00 8.317046393034992491e+00
1.039443961706416708e+01 6.244353606965005632e+00 8.317046393034994267e+00
-1.972728133223366695e-02 8.316825687752055885e+00 8.316825687752055885e+00
2.088229385221891388e+00 1.038976226190767704e+01 8.315854124793990110e+00
2.093757031694292614e+00 2.093757031694292614e+00 8.315602032494204821e+00
2.737804106470804761e-03 2.737804106470621314e-03 8.318538487958337058e+00
1.246764296830570551e+01 1.246764296830570551e+01 8.315602032494206597e+00
1.455866219589353072e+01 1.455866219589353072e+01 8.318538487958335281e+00
6.245545875206010678e+00 1.247317061477811073e+01 1.038976226190767704e+01
4.174227533378489063e+00 1.457323269246342790e+01 1.038717246662151439e+01
6.245121592281002165e+00 -1.573107502987809714e-02 1.039090778951337057e+01
4.173775350990126753e+00 2.092232964634318737e+00 1.038762464900987581e+01
6.244353606965005632e+00 8.317046393034994267e+00 1.039443961706416886e+01
4.171710850962545791e+00 1.038968914903745322e+01 1.038968914903745322e+01
1.457323269246342612e+01 4.174227533378489063e+00 1.038717246662151439e+01
1.247317061477810896e+01 6.245545875206011566e+00 1.038976226190767704e+01
1.038968914903745322e+01 4.171710850962545791e+00 1.038968914903745322e+01
8.317046393034994267e+00 6.244353606965005632e+00 1.039443961706416886e+01
1.038762464900987403e+01 1.246916703536568427e+01 1.038762464900987581e+01
8.316278407718998622e+00 1.457713107502988059e+01 1.039090778951336880e+01
6.244936789524668797e+00 4.169229700153708862e+00 1.039217029984629193e+01
4.169229700153708862e+00 6.244936789524668797e+00 1.039217029984629193e+01
2.092232964634318737e+00 4.173775350990126753e+00 1.038762464900987581e+01
-1.573107502987797571e-02 6.245121592281002165e+00 1.039090778951336880e+01
-1.825537012920325089e-03 2.101325471821561486e+00 1.038686219229228591e+01
2.101325471821561930e+00 -1.825537012920348291e-03 1.038686219229228591e+01
1.457713107502988059e+01 8.316278407718998622e+00 1.039090778951337057e+01
1.246916703536568427e+01 1.038762464900987403e+01 1.038762464900987581e+01
1.038717246662151261e+01 -1.183269246342457878e-02 1.038717246662151261e+01
8.315854124793988333e+00 2.088229385221891388e+00 1.038976226190767704e+01
2.098131964285524731e+00 1.246326803571447606e+01 1.038494718870511946e+01
4.690528838552558352e-03 1.455670947116144376e+01 1.039188230045891537e+01
1.455670947116144198e+01 4.690528838552580036e-03 1.039188230045891359e+01
1.246326803571447606e+01 2.098131964285524731e+00 1.038494718870511768e+01
1.039217029984629015e+01 8.316463210475331991e+00 1.039217029984629193e+01
8.316463210475331991e+00 1.039217029984629015e+01 1.039217029984629193e+01
2.088229385221891388e+00 8.315854124793990110e+00 1.038976226190767704e+01
-1.183269246342431684e-02 1.038717246662151261e+01 1.038717246662151439e+01
1.456322553701292399e+01 1.246007452817843841e+01 1.038686219229228591e+01
1.246007452817843841e+01 1.456322553701292222e+01 1.038686219229228591e+01
8.315602032494204821e+00 1.246764296830570551e+01 1.246764296830570729e+01
1.038686219229228591e+01 1.456322553701292222e+01 1.246007452817843841e+01
1.246326803571447428e+01 4.176452811294883993e+00 1.246326803571447606e+01
1.456708398825787754e+01 6.243889140203208399e+00 1.246547269454795703e+01
8.317510859796794165e+00 -5.683988257880354285e-03 1.246547269454795526e+01
1.038494718870511768e+01 2.098131964285524731e+00 1.246326803571447606e+01
4.173775350990126753e+00 4.173775350990126753e+00 1.246916703536568605e+01
6.244632759080145590e+00 6.244632759080144702e+00 1.247719191074521028e+01
4.176452811294883993e+00 1.246326803571447428e+01 1.246326803571447606e+01
6.243889140203209287e+00 1.456708398825787931e+01 1.246547269454795703e+01
4.171637738092321079e+00 8.315854124793990110e+00 1.247317061477811073e+01
6.245545875206010678e+00 1.038976226190767704e+01 1.247317061477811073e+01
8.316767240919853421e+00 8.316767240919851645e+00 1.247719191074521206e+01
1.038762464900987403e+01 1.038762464900987403e+01 1.246916703536568605e+01
8.181685158150028836e-03 1.245269610818723471e+01 1.245269610818723649e+01
2.108703891812766074e+00 1.455321831484184791e+01 1.245269610818723649e+01
1.246764296830570551e+01 8.315602032494204821e+00 1.246764296830570729e+01
1.456322553701292399e+01 1.038686219229228591e+01 1.246007452817843841e+01
1.245269610818723471e+01 8.181685158150117307e-03 1.245269610818723649e+01
1.455321831484184791e+01 2.108703891812766074e+00 1.245269610818723471e+01
2.102798201893369967e+00 2.102798201893369967e+00 1.245860179810663304e+01
1.458087987085798613e-02 1.458087987085809022e-02 1.245228302486631655e+01
-1.825537012920506802e-03 4.174537807707713100e+00 1.246007452817843841e+01
2.093757031694292614e+00 6.245797967505794190e+00 1.246764296830570906e+01
8.315854124793990110e+00 4.171637738092321079e+00 1.247317061477811073e+01
1.038976226190767704e+01 6.245545875206010678e+00 1.247317061477811073e+01
4.174537807707712211e+00 -1.825537012920520463e-03 1.246007452817844019e+01
6.245797967505794190e+00 2.093757031694292614e+00 1.246764296830570906e+01
-5.683988257880101883e-03 8.317510859796794165e+00 1.246547269454795703e+01
2.098131964285525175e+00 1.038494718870511768e+01 1.246326803571447606e+01
1.245860179810663304e+01 1.245860179810663304e+01 1.245860179810663304e+01
1.454681912012914324e+01 1.454681912012914324e+01 1.245228302486631655e+01
2.109116975133686900e+00 1.458087987085754378e-02 1.454681912012914324e+01
1.458087987085729051e-02 2.109116975133688232e+00 1.454681912012914324e+01
1.039090778951336880e+01 8.316278407718998622e+00 1.457713107502988237e+01
8.316278407718998622e+00 1.039090778951336702e+01 1.457713107502988059e+01
6.245121592281003053e+00 4.170492210486632878e+00 1.457713107502988237e+01
4.170492210486632878e+00 6.245121592281003053e+00 1.457713107502988237e+01
2.095927305452044642e+00 8.317510859796795941e+00 1.456708398825788109e+01
4.690528838553002441e-03 1.039188230045891181e+01 1.455670947116144376e+01
1.038717246662151261e+01 4.174227533378488175e+00 1.457323269246342790e+01
8.316825687752055885e+00 6.244574312247944015e+00 1.458112728133223968e+01
1.453250304558752326e+01 2.889695441248173874e-02 1.453250304558752326e+01
1.245269610818723471e+01 2.108703891812765630e+00 1.455321831484184791e+01
6.244574312247943126e+00 8.316825687752055885e+00 1.458112728133223790e+01
4.174227533378488175e+00 1.038717246662151261e+01 1.457323269246342790e+01
1.455866219589353072e+01 8.318538487958335281e+00 1.455866219589353072e+01
1.246007452817843841e+01 1.038686219229228591e+01 1.456322553701292399e+01
1.039188230045891181e+01 4.690528838553096116e-03 1.455670947116144376e+01
8.317510859796795941e+00 2.095927305452044642e+00 1.456708398825788109e+01
6.243889140203209287e+00 1.246547269454795526e+01 1.456708398825787931e+01
4.169517699541092526e+00 1.455670947116144376e+01 1.455670947116144376e+01
2.101325471821561486e+00 4.174537807707713100e+00 1.456322553701292399e+01
2.737804106470384958e-03 6.242861512041663730e+00 1.455866219589353072e+01
1.038686219229228591e+01 1.246007452817843841e+01 1.456322553701292399e+01
8.318538487958335281e+00 1.455866219589353072e+01 1.455866219589353072e+01
6.242861512041664618e+00 2.737804106470314702e-03 1.455866219589353072e+01
4.174537807707713100e+00 2.101325471821561486e+00 1.456322553701292577e+01
2.108703891812765630e+00 1.245269610818723471e+01 1.455321831484184969e+01
2.889695441248068403e-02 1.453250304558752148e+01 1.453250304558752148e+01
1.455670947116144376e+01 4.169517699541091638e+00 1.455670947116144376e+01
1.246547269454795526e+01 6.243889140203208399e+00 1.456708398825787931e+01
1.454681912012914324e+01 1.245228302486631478e+01 1.454681912012914324e+01
1.245228302486631478e+01 1.454681912012914324e+01 1.454681912012914324e+01
