-3.105000000000014637e+00 -1.552500000000007319e+00 2.000000000000000000e+00
-4.829999999999960103e+00 -1.609999999999986775e+00 3.000000000000000000e+00
-6.900000000000060751e+00 -1.725000000000015188e+00 4.000000000000000000e+00
-8.625000000000000000e+00 -1.725000000000000089e+00 5.000000000000000000e+00
-1.069499999999993989e+01 -1.782499999999989981e+00 6.000000000000000000e+00
-1.242000000000000348e+01 -1.774285714285714688e+00 7.000000000000000000e+00
-1.449000000000000554e+01 -1.811250000000000693e+00 8.000000000000000000e+00
-1.655235096666662997e+01 -1.839150107407403256e+00 9.000000000000000000e+00
-1.828500000000003212e+01 -1.828500000000003123e+00 1.000000000000000000e+01
-2.035500000000001108e+01 -1.850454545454546462e+00 1.100000000000000000e+01
-2.242500000000000426e+01 -1.868750000000000355e+00 1.200000000000000000e+01
-2.415000000000004832e+01 -1.857692307692311307e+00 1.300000000000000000e+01
-2.621999999999996334e+01 -1.872857142857140333e+00 1.400000000000000000e+01
-2.828999999999997428e+01 -1.885999999999998344e+00 1.500000000000000000e+01
-3.002366218333332171e+01 -1.876478886458332607e+00 1.600000000000000000e+01
-3.208500000000003638e+01 -1.887352941176472676e+00 1.700000000000000000e+01
-3.311999999999992639e+01 -1.839999999999995861e+00 1.800000000000000000e+01
-3.622499999999993747e+01 -1.906578947368417820e+00 1.900000000000000000e+01
-3.818225553333338951e+01 -1.909112776666669564e+00 2.000000000000000000e+01
