-4.829999999999986926e+01 4.768371582031250000e-06 1.000000000000000000e+00
-4.829999999999986926e+01 4.768371582031250000e-06 1.000000000000000000e+01
-4.829999999999986926e+01 4.768371582031250000e-06 1.000000000000000000e+02
-4.829999999999986926e+01 4.768371582031250000e-06 2.000000000000000000e+02
-4.829999999999986926e+01 4.768371582031250000e-06 3.000000000000000000e+02
-4.829879111999986208e+01 2.038632465173952427e-02 5.000000000000000000e+02
-4.822796813999985233e+01 1.449605969540294359e-01 6.000000000000000000e+02
-4.769852596500000175e+01 4.343880161994568279e-01 7.500000000000000000e+02
-4.726993781249998250e+01 6.416357871272690971e-01 9.000000000000000000e+02
-4.588919312999998112e+01 1.255067669944216702e+00 1.000000000000000000e+03
-4.441453125375001321e+01 1.674049176635002745e+00 1.100000000000000000e+03
-3.891868341000005671e+01 1.988061757694041143e+00 1.200000000000000000e+03
-3.807301345875000465e+01 1.678778616347763597e+00 1.250000000000000000e+03
-3.716701827375000278e+01 1.400840596253464465e+00 1.300000000000000000e+03
-3.645189209624998483e+01 9.417787068559591024e-01 1.400000000000000000e+03
-3.603461494125000542e+01 7.675457747349010429e-01 1.500000000000000000e+03
-3.578975144999998292e+01 6.974883371913431773e-01 1.600000000000000000e+03
-3.554773826249999047e+01 6.177834070786480947e-01 1.750000000000000000e+03
-3.536844038249996913e+01 5.402357438147630253e-01 1.900000000000000000e+03
-3.528445228874997497e+01 5.076072429031903699e-01 2.000000000000000000e+03
-3.513594091499997063e+01 4.561531243379561285e-01 2.250000000000000000e+03
-3.503160670500002283e+01 4.216863094510524546e-01 2.500000000000000000e+03
-3.497568505124998239e+01 3.941278880191554923e-01 2.700000000000000000e+03
