-4.829999999999986926e+01 4.768371582031250000e-06 1.000000000000000000e+00
-4.829999999999986926e+01 4.768371582031250000e-06 1.000000000000000000e+01
-4.829999999999986926e+01 4.768371582031250000e-06 1.000000000000000000e+02
-4.829999999999986926e+01 4.768371582031250000e-06 2.000000000000000000e+02
-4.829999999999986926e+01 4.768371582031250000e-06 3.000000000000000000e+02
-4.827714340499985468e+01 8.580851568351360870e-02 5.000000000000000000e+02
-4.809809961749992624e+01 1.910826056083622104e-01 6.000000000000000000e+02
-4.797797665499998487e+01 2.460613365111684325e-01 7.500000000000000000e+02
-4.777596570000001464e+01 3.705014539076223468e-01 9.000000000000000000e+02
-4.752541712625000514e+01 4.313348132716391392e-01 1.000000000000000000e+03
-4.731420096750001392e+01 5.393772093257037659e-01 1.100000000000000000e+03
-4.691410921124999334e+01 7.171681911462439718e-01 1.200000000000000000e+03
-4.647304353000002664e+01 9.292713897687032709e-01 1.300000000000000000e+03
-4.575205373250000207e+01 1.197503931672321942e+00 1.400000000000000000e+03
-4.486137801375001999e+01 1.423987989439634783e+00 1.500000000000000000e+03
-4.372454358750002257e+01 1.575064574955516550e+00 1.600000000000000000e+03
-4.208937598125005053e+01 1.675240962990394378e+00 1.750000000000000000e+03
-4.070155370999999178e+01 1.555114905796099123e+00 1.900000000000000000e+03
-4.005974848500000007e+01 1.502440765574162507e+00 2.000000000000000000e+03
-3.885799066499998133e+01 1.227343196562939553e+00 2.250000000000000000e+03
-3.816335446875002901e+01 1.085791483522935419e+00 2.500000000000000000e+03
-3.776088152249999297e+01 1.013579494945643811e+00 2.700000000000000000e+03
