-4.819418315249983209e+01 1.590899343071990324e-01 1.000000000000000000e+00
-4.819418315249983209e+01 1.590899343071990324e-01 1.000000000000000000e+01
-4.819418315249983209e+01 1.590899343071990324e-01 1.000000000000000000e+02
-4.819418315249983209e+01 1.590899343071990324e-01 2.000000000000000000e+02
-4.819418315249983209e+01 1.590899343071990324e-01 3.000000000000000000e+02
-4.806705237749974202e+01 1.699023531567153134e-01 5.000000000000000000e+02
-4.799889210749996948e+01 1.635189658206460117e-01 6.000000000000000000e+02
-4.784368816499988242e+01 3.905166073636825996e-01 7.500000000000000000e+02
-4.703032513499998402e+01 7.552960580346430586e-01 9.000000000000000000e+02
-4.619170172250001372e+01 1.111101337517971688e+00 1.000000000000000000e+03
-4.382415914624998976e+01 1.715382484899924842e+00 1.100000000000000000e+03
-3.988360580249999998e+01 2.277100536155004296e+00 1.200000000000000000e+03
-3.719966777999999863e+01 1.178349741645936088e+00 1.300000000000000000e+03
-3.642476207249999476e+01 9.462493284950969086e-01 1.400000000000000000e+03
-3.602800370624996873e+01 7.643703199962555983e-01 1.500000000000000000e+03
-3.577626436499998874e+01 6.718763822733302415e-01 1.600000000000000000e+03
-3.553574011125000709e+01 5.931525084615481003e-01 1.750000000000000000e+03
-3.536425096125000778e+01 5.364422868828180313e-01 1.900000000000000000e+03
-3.527262405000001877e+01 5.068565524359828212e-01 2.000000000000000000e+03
-3.512960981999999888e+01 4.552712730309326772e-01 2.250000000000000000e+03
-3.503267913749999707e+01 4.173895450640699445e-01 2.500000000000000000e+03
-3.497697103875000835e+01 3.970944290905717988e-01 2.700000000000000000e+03
