-4.829999999999986926e+01 4.768371582031250000e-06 1.000000000000000000e+00
-4.829999999999986926e+01 4.768371582031250000e-06 1.000000000000000000e+01
-4.829999999999986926e+01 4.768371582031250000e-06 1.000000000000000000e+02
-4.829999999999986926e+01 4.768371582031250000e-06 2.000000000000000000e+02
-4.829999999999986926e+01 4.768371582031250000e-06 3.000000000000000000e+02
-4.829999999999986926e+01 4.768371582031250000e-06 5.000000000000000000e+02
-4.825202171249993910e+01 1.278627578828735734e-01 6.000000000000000000e+02
-4.777364143499996629e+01 2.855934696817455376e-01 7.500000000000000000e+02
-4.718944275749998951e+01 6.533532769835548315e-01 9.000000000000000000e+02
-4.623168153000003144e+01 9.843985722183387077e-01 1.000000000000000000e+03
-4.355341996500000334e+01 2.079196818565669069e+00 1.100000000000000000e+03
-3.929536355250000668e+01 2.092451436377417373e+00 1.200000000000000000e+03
-3.732262017374999630e+01 1.397728906203556498e+00 1.300000000000000000e+03
-3.649337808749999112e+01 9.748026082242733370e-01 1.400000000000000000e+03
-3.601425148875001270e+01 7.573388121996562639e-01 1.500000000000000000e+03
-3.575954747624999897e+01 6.587871395599796953e-01 1.600000000000000000e+03
-3.552559831874998508e+01 5.811126115895607347e-01 1.750000000000000000e+03
-3.537684371999998945e+01 5.466618555521673972e-01 1.900000000000000000e+03
-3.528632270624998313e+01 5.108208605113987444e-01 2.000000000000000000e+03
-3.513799314749998359e+01 4.556916662677856222e-01 2.250000000000000000e+03
-3.503148655874998241e+01 4.145704127886006285e-01 2.500000000000000000e+03
-3.498297352124999549e+01 3.977757643526850240e-01 2.700000000000000000e+03
