-4.829999999999986926e+01 4.768371582031250000e-06 1.000000000000000000e+00
-4.829999999999986926e+01 4.768371582031250000e-06 1.000000000000000000e+01
-4.829999999999986926e+01 4.768371582031250000e-06 1.000000000000000000e+02
-4.829999999999986926e+01 4.768371582031250000e-06 2.000000000000000000e+02
-4.829999999999986926e+01 4.768371582031250000e-06 3.000000000000000000e+02
-4.829999999999986926e+01 4.768371582031250000e-06 5.000000000000000000e+02
-4.813153494749994366e+01 1.807145485365534432e-01 6.000000000000000000e+02
-4.790753722874998743e+01 3.033909140412271443e-01 7.500000000000000000e+02
-4.753636604625000217e+01 4.778378611136554488e-01 9.000000000000000000e+02
-4.700857555875001736e+01 7.384469982720629488e-01 1.000000000000000000e+03
-4.626619576124998900e+01 1.042150875350239092e+00 1.100000000000000000e+03
-4.455898646249998762e+01 1.536379100350592442e+00 1.200000000000000000e+03
-4.385548221374997269e+01 1.648350167556650758e+00 1.250000000000000000e+03
-4.252907606624999914e+01 2.186037240902360512e+00 1.300000000000000000e+03
-3.972925263000001195e+01 1.795258855748365967e+00 1.400000000000000000e+03
-3.819969625124999624e+01 1.466719868212466471e+00 1.500000000000000000e+03
-3.737408839500000113e+01 1.132278421759749909e+00 1.600000000000000000e+03
-3.674942035499999804e+01 9.426091449931072175e-01 1.750000000000000000e+03
-3.632149943250001911e+01 8.083669634051927622e-01 1.900000000000000000e+03
-3.614472910874998490e+01 7.462440631822148118e-01 2.000000000000000000e+03
-3.582594332999995856e+01 6.551101700335660860e-01 2.250000000000000000e+03
-3.562521120375001971e+01 6.034393135449656054e-01 2.500000000000000000e+03
-3.550895344874999893e+01 5.673564377734156006e-01 2.700000000000000000e+03
